0 0 17 50788392 -7.41571e+09
1 0 19 -29244825 -6.26069e+09
2 0 51 -71308031 -1.16493e+09
3 0 74 37274762 7.26305e+08
4 1 8 -65504719 2.93719e+09
5 1 46 93327682 5.13881e+09
6 1 57 6489739 6.66092e+09
7 1 89 28529558 7.98391e+09
8 2 18 62117782 -1.50692e+090 25 0 77910983 -5.68405e+09
1 25 4 -70076982 -4.99167e+09
2 25 32 -8883220 -2.32672e+09
3 25 63 -5797953 8.11137e+08
4 25 87 -83696806 1.94869e+09
5 25 90 -41196148 8.59844e+09
6 26 15 -50058160 -7.97218e+09
7 26 19 -12277643 -3.35556e+09
8 26 30 193682440 50 18 28041891 -9.4995e+09
1 50 44 83973095 -8.25069e+09
2 50 54 -68018659 -7.92844e+08
3 50 74 1002501 4.06199e+09
4 50 94 42957730 9.9228e+09
5 51 21 36478398 -8.92734e+09
6 51 24 -94838106 -7.49576e+09
7 51 57 16112111 2.37145e+09
8 51 79 -3899248 4.10 75 25 26614647 -9.93531e+09
1 75 39 4756080 -7.40375e+09
2 75 47 86230630 -5.93287e+09
3 75 67 85636366 4.85972e+09
4 76 6 -28552719 -8.69758e+09
5 76 13 76618245 -4.68031e+09
6 76 39 -86282675 -4.16327e+09
7 76 49 21876267 8.20506e+09
8 76 87 54077664 9
9 2 39 18550041 2.93226e+09
10 2 55 85176436 4.73012e+09
11 2 83 -5290376 4.95055e+09
12 3 2 14191823 -8.26042e+09
13 3 17 -36989127 -7.27078e+09
14 3 38 39355960 -4.86638e+09
15 3 73 76090134 2.54704e+09
16 3 78 -80596977 6.54834e+09
17 3 83 13122811 6.5 7.50174e+08
9 26 58 -48338683 1.02e+09
10 26 73 -62472693 2.59388e+09
11 26 88 41374521 3.68687e+09
12 27 23 47726331 -4.28605e+09
13 27 54 62350579 -3.693e+09
14 27 57 74381528 1.9902e+09
15 27 82 82456706 8.84709e+09
16 28 19 47833541 -2.39841e+09
17 287046e+09
9 52 1 41839549 -9.50561e+09
10 52 33 69890869 -5.30001e+09
11 52 58 -82137324 3.6415e+08
12 52 74 68509506 7.16747e+09
13 52 95 23532402 7.90999e+09
14 53 5 -84672908 -1.60201e+09
15 53 23 87341682 3.1253e+09
16 53 50 47643651 3.5305e+09
17 53 63.31699e+09
9 77 11 81479101 -8.39319e+09
10 77 38 86751393 -3.60562e+09
11 77 56 -28949527 -1.593e+09
12 77 62 74305318 1.59781e+09
13 77 86 14974047 5.93183e+09
14 78 17 79854743 -9.66117e+09
15 78 55 -81552370 -3.98514e+09
16 78 64 15020700 -2.38823e+09
 45019675 4.97096e+09
18 53 95 16343346 5.93313e+09
19 54 12 3244037 -9.00238e+09
20 54 29 -53037798 -8.58429e+09
21 54 40 -54812964 -7.65511e+09
22 54 56 -89607057 -6.99149e+09
23 54 60 70605389 -6.48099e+09
24 54 75 84617958 -2.55563e+09
25 54 90 46773095948e+09
18 4 9 33310808 -9.84692e+09
19 4 13 -90612976 -3.93742e+09
20 4 26 -22476937 8.72013e+08
21 4 35 -13819731 1.28165e+09
22 4 49 70291673 4.22563e+09
23 4 58 -95358800 7.64278e+09
24 4 76 -59343633 9.91967e+09
25 5 9 65670516 -8.77427e+09
26 5 20 - 28 35299617 4.78192e+08
18 28 60 66635310 3.00587e+09
19 28 81 65232245 5.38265e+09
20 28 86 58835016 7.47636e+09
21 28 91 -84202977 9.91174e+09
22 29 30 -86790080 -8.73716e+09
23 29 31 22363705 -8.04339e+09
24 29 47 30611244 -7.39069e+09
25 29 52 -89726617 78 69 41588733 -2.22142e+09
18 78 78 38087157 -1.71471e+09
19 78 84 -78643604 8.50294e+09
20 79 9 35746539 -7.58797e+09
21 79 25 29571518 -7.22536e+09
22 79 58 -32752326 -4.78246e+09
23 79 80 -43336756 2.54879e+08
24 79 85 41125087 6.38986e+09
25 79 95 0 -5.04897e+09
26 29 55 -64819763 -2.55171e+09
27 29 67 -96077026 5.2058e+09
28 29 72 36530023 6.72462e+09
29 30 10 37934800 -7.85555e+09
30 30 14 -12792996 4.3235e+08
31 30 40 -50392613 6.42891e+08
32 30 54 -20872904 2.04848e+09
33 30 59 -1789411 2.25749e1 2.07379e+09
26 55 17 59234211 -9.69492e+09
27 55 46 76589363 -7.6709e+09
28 55 67 5683669 4.08121e+09
29 55 86 -23368697 5.13243e+09
30 56 10 86243765 4.88956e+08
31 56 44 -63747351 1.18067e+09
32 56 53 -55148393 4.30078e+09
33 56 87 -8338809 4.92159e+0950535517 -7.02632e+09
27 5 42 -67499404 -6.77271e+09
28 5 72 55898294 -2.53927e+09
29 5 79 -68801174 -5.04724e+07
30 5 85 -82230482 9.19336e+09
31 6 8 -33809799 -5.66901e+09
32 6 35 80949613 3.18103e+09
33 6 66 50782639 5.73426e+09
34 6 81 -23531956 8.440460102958 7.84342e+09
26 80 13 72949983 7.8256e+08
27 80 40 81661794 1.15445e+09
28 80 61 -71395490 3.70713e+09
29 80 81 29302470 3.94793e+09
30 80 91 -25931016 4.69673e+09
31 81 24 -38321381 -8.76622e+09
32 81 44 13135639 -8.59719e+09
33 81 72 85638328 -4.+09
34 30 89 50674577 7.9738e+09
35 31 28 26017031 -7.98297e+09
36 31 61 -58157733 1.85929e+09
37 31 95 72692953 9.01866e+09
38 32 19 58620718 -5.24535e+08
39 32 46 12061084 3.55567e+09
40 32 73 94206418 3.814e+09
41 32 77 -24975837 7.06502e+09
42 32 85 62
34 56 89 49992740 7.76296e+09
35 57 5 -14819867 -9.2654e+09
36 57 7 28584979 -3.01731e+09
37 57 40 53990068 8.10205e+08
38 57 76 37762947 9.97151e+09
39 58 1 28324885 -9.04014e+09
40 58 13 -28789474 -7.22723e+09
41 58 37 62008237 -5.91735e+09
42 58 45 51629697e+09
34 81 93 76552063 8.99715e+09
35 82 10 -23685845 -6.26775e+09
36 82 11 72758182 -6.02798e+09
37 82 17 56426670 -5.50626e+09
38 82 50 -22033163 -4.07705e+09
39 82 60 -54205930 -3.20933e+09
40 82 87 -60702136 5.36233e+09
41 82 92 -39603292 7.19494e9e+09
35 7 19 -48783909 -6.21206e+09
36 7 29 -39740020 -4.82063e+09
37 7 65 -83544964 2.62247e+09
38 7 92 79203521 9.61968e+09
39 8 28 -26257599 -7.90124e+09
40 8 67 87834134 -7.12881e+09
41 8 80 70627443 1.67988e+08
42 8 88 -99266168 3.4466e+09
43 9 11 95+09
42 83 8 -57700641 -2.49624e+09
43 83 36 -86462223 5.18857e+09
44 83 67 -93868641 6.45359e+09
45 84 3 -98476812 -6.7994e+09
46 84 9 57032991 -5.93654e+09
47 84 19 -65615704 -5.22954e+09
48 84 44 74026719 1.69162e+08
49 84 53 -77919507 6.4561e+09
50 84 806388 -3.65394e+09
43 58 62 -73728028 -2.02902e+09
44 58 77 -95767523 3.46209e+09
45 58 92 92013154 7.25073e+09
46 58 96 -19079161 9.19209e+09
47 59 35 -82645408 -7.68141e+09
48 59 48 -29737000 6.48796e+09
49 59 60 -26753522 9.21464e+09
50 59 62 69728721 9631374 9.1547e+09
43 33 11 -65783764 -9.50224e+09
44 33 45 99490510 -5.49499e+09
45 33 60 -87475387 -5.19855e+09
46 33 75 -27662829 4.81045e+09
47 33 88 -93105378 5.02841e+09
48 33 94 67349055 5.85393e+09
49 33 98 65334748 6.52065e+09
50 34 18 -55639442 -9829691 -8.87855e+09
44 9 42 -67735543 -5.98908e+09
45 9 47 99123304 -1.58639e+09
46 9 60 36713017 -1.07403e+09
47 9 97 -71565985 1.9199e+09
48 10 17 -62830816 -9.3124e+09
49 10 31 47519872 -4.59964e+09
50 10 44 96211474 -3.55356e+09
51 10 48 33839137 -1.86.54637e+09
51 59 84 30322658 9.87745e+09
52 60 3 75004665 -9.527e+09
53 60 23 -99070605 -7.48843e+09
54 60 25 -53221278 -3.37322e+09
55 60 58 -19581650 4.82148e+09
56 60 89 -93091792 8.55242e+09
57 61 26 -1578871 -7.9575e+09
58 61 30 35283050 -7.67057e+09
547e+09
52 10 66 -7505097 2.44975e+09
53 10 95 -97531085 6.19079e+09
54 11 16 -63138757 -5.0834e+09
55 11 21 66593558 -2.29845e+09
56 11 54 -1359898 9.15849e+08
57 11 59 -24384511 3.31704e+09
58 11 83 -92374218 4.06656e+09
59 12 8 8460157 -8.69761e+09
60 1.19198e+09
51 34 34 -80464065 -5.17217e+09
52 34 49 29810038 -3.09552e+09
53 34 67 -78421983 4.97453e+09
54 34 82 -79271251 9.47142e+09
55 35 18 95493499 -7.12769e+09
56 35 34 -47864773 -6.4108e+08
57 35 52 -55511423 2.16953e+09
58 35 72 6827231 3.2952e+097 -38894026 8.74543e+09
51 85 18 -25446061 2.88508e+09
52 85 45 10735972 4.7574e+09
53 85 73 22561429 5.31535e+09
54 85 82 13234822 7.06371e+09
55 86 14 55132158 -8.50847e+09
56 86 34 72886023 -7.83452e+09
57 86 50 -65771570 -7.13334e+09
58 86 59 -702522092 33 33460676 -7.21062e+09
61 12 66 67309759 -3.19186e+09
62 12 82 39480105 7.49412e+09
63 13 11 2258047 -8.28714e+09
64 13 33 12046814 -1.26268e+09
65 13 55 2669192 1.72188e+09
66 13 87 25416929 2.22632e+09
67 13 93 -63338449 5.80335e+09
68 14 5 83961050 
59 35 92 37196786 5.09573e+09
60 36 31 -37197429 2.24599e+09
61 36 59 15410848 2.68848e+09
62 36 94 51731305 4.92068e+09
63 36 98 15253116 4.92712e+09
64 37 17 -28556489 -6.33442e+09
65 37 26 73035638 -1.65186e+09
66 37 50 -5358552 -1.17649e+09
67 37 88 459 61 60 -46071390 -4.03076e+09
60 61 97 -38934278 7.58392e+09
61 62 11 23898614 -8.55415e+09
62 62 43 35139147 -7.9155e+09
63 62 69 32187748 -4.78054e+09
64 62 81 -97985788 -4.51771e+09
65 63 0 -82820369 -7.3068e+09
66 63 2 76936580 -5.22883e+09
67 63 24  -6.72756e+09
59 86 66 43560844 -4.86003e+09
60 86 78 33987017 -1.37611e+09
61 86 84 -51866641 3.80755e+09
62 87 11 -87054763 -6.32824e+09
63 87 15 -25337053 -5.90273e+09
64 87 28 2018680 -2.81672e+09
65 87 41 51086644 -3.64587e+08
66 87 63 -8746186 4.7926-42518270 -3.24121e+09
68 63 61 -35295322 -2.37003e+09
69 63 88 -96156961 -9.64414e+08
70 64 18 -42774804 -5.24176e+09
71 64 42 36015968 -2.07108e+09
72 64 72 -52120325 4.17335e+09
73 64 77 52839835 5.52538e+09
74 64 97 32836284 8.19366e+09
75 65 34 -39359-8.17812e+09
69 14 8 61487776 -5.69479e+09
70 14 30 72911386 -3.97722e+09
71 14 42 54757019 -2.4085e+09
72 14 47 38042380 3.49255e+09
73 14 74 -98337731 5.31295e+09
74 15 7 30932480 -9.57464e+09
75 15 37 28123155 -6.56746e+09
76 15 42 68968253 -6.31373e+097001740 1.55048e+09
68 38 15 71265983 -8.89555e+08
69 38 43 -28562001 5.50357e+08
70 38 54 -69119055 6.05436e+08
71 38 81 83282164 6.30611e+09
72 39 7 -7891148 -9.96457e+09
73 39 36 31816107 -8.51899e+09
74 39 49 97480718 -9.94783e+08
75 39 60 78554614 7.91e+09
67 87 85 -41214644 4.96056e+09
68 88 4 -52820184 -7.8366e+09
69 88 25 24365746 3.10595e+09
70 88 42 -85230474 4.85494e+09
71 88 79 26619457 5.49885e+09
72 88 86 -60171177 5.58994e+09
73 89 1 22374818 -9.24437e+09
74 89 37 -17381406 -6.4637e+09
75 89 3637e+09
76 39 95 -96644028 9.93789e+09
77 40 16 -4732878 -4.22549e+09
78 40 52 72736668 5.55872e+07
79 40 56 85620774 3.85954e+09
80 40 87 -50300243 6.7441e+09
81 41 1 -92730605 -9.53554e+09
82 41 39 17550908 -7.57112e+09
83 41 49 60657811 -6.26362e+09
84003 -4.98277e+09
76 65 37 4415038 4.55511e+08
77 65 46 -30967000 2.93024e+09
78 65 62 -26284052 8.31511e+09
79 65 86 -44479533 9.8375e+09
80 66 13 -22978737 -7.08018e+09
81 66 36 18177124 -6.2031e+09
82 66 55 -94264141 7.01484e+08
83 66 83 36379660 6.26851
77 15 65 -5444770 -5.14331e+09
78 15 68 -13491918 -1.8813e+09
79 15 75 61134956 -1.5096e+09
80 15 78 52779864 6.5978e+09
81 15 81 15742693 7.83487e+09
82 16 11 -52523584 -6.23037e+09
83 16 13 -71671862 -3.92175e+09
84 16 22 88599646 1.85588e+09
85 16 53 962 -27167822 -6.08267e+09
76 89 74 94080706 3.22205e+09
77 89 97 -41463831 4.49662e+09
78 90 11 23734647 -4.04973e+09
79 90 17 39545586 -1.2059e+09
80 90 43 -41618125 -1.12967e+09
81 90 49 -33131165 3.16364e+09
82 90 71 64815439 7.49323e+09
83 90 72 -821723154471 2.96462e+09
86 16 57 -19930817 3.00625e+09
87 16 92 7027143 6.90037e+09
88 17 12 29555716 -9.30393e+09
89 17 21 46429969 -6.68518e+09
90 17 50 1836273 5.14889e+09
91 17 52 -17380261 7.26381e+09
92 17 87 46340224 8.63892e+09
93 17 89 75382912 9.7962 41 79 85571303 -3.34966e+09
85 41 95 98869482 8.56234e+07
86 42 5 51374279 -4.45009e+09
87 42 34 91980482 -1.9025e+09
88 42 49 -47976817 4.88555e+09
89 42 85 52169148 6.8874e+09
90 43 23 66879071 -9.3573e+08
91 43 50 -80772553 -2.94471e+08
92 43 74 785015e+09
84 67 1 -75466672 -6.44436e+09
85 67 15 -46168383 -4.67548e+09
86 67 16 48784121 -2.37613e+08
87 67 45 -3129335 1.3732e+09
88 67 81 66594544 2.14369e+09
89 67 98 -85242307 3.25718e+09
90 68 8 -94239738 -7.33778e+09
91 68 10 11313873 -4.0562e+09
92 68 985 9.48696e+09
84 91 3 25942535 -6.42012e+09
85 91 32 66109392 -4.176e+09
86 91 49 74386348 1.15844e+09
87 91 58 -73435184 3.21395e+09
88 91 95 57899188 5.14534e+09
89 92 16 -70870284 -9.64901e+09
90 92 36 -29592691 -4.06565e+09
91 92 42 -63989657 3.0619833 -32574292 -2.1212e+09
93 68 70 53800417 -2.11083e+09
94 68 83 17970889 1.87678e+09
95 68 86 -36882551 8.96202e+09
96 69 20 37118630 -8.32886e+09
97 69 44 -69883517 -7.93942e+09
98 69 45 28432001 -2.15134e+09
99 69 53 3372568 1.90057e+09
100 69 56 -849219e+09
94 18 28 -42676005 -7.43147e+09
95 18 53 90578302 5.70412e+08
96 18 64 -24527144 4.5245e+09
97 18 81 30115971 9.79717e+09
98 19 17 -94143826 -8.47521e+09
99 19 24 89077354 -5.05162e+09
100 19 55 -74670251 -4.63943e+08
101 19 59 -37926159 1.76967e+08
31 1.34674e+09
93 43 82 51919105 4.72405e+09
94 43 86 -62199268 6.0254e+09
95 43 94 33759989 8.36778e+09
96 44 1 36164069 -5.54246e+09
97 44 18 -99726992 -2.52195e+09
98 44 54 -7298431 -1.00723e+09
99 44 66 -71600693 7.91132e+09
100 45 5 9452562 -9.81957e+e+08
92 92 71 21723384 4.52862e+09
93 92 83 -30257174 5.10198e+09
94 92 99 -65288222 8.73292e+09
95 93 27 19782133 -8.9492e+09
96 93 56 5060142 -8.73807e+09
97 93 85 -82267863 -2.90986e+09
98 94 8 -27005509 -7.77352e+09
99 94 20 36544838 -6.36536e+09
100 909
101 45 27 36447171 -6.44794e+09
102 45 63 -8238082 -2.12166e+09
103 45 66 -63955274 1.21062e+09
104 45 80 83010971 7.07282e+09
105 45 98 -88100694 9.50161e+09
106 46 22 23033630 -8.85169e+09
107 46 26 15225811 -5.76189e+09
108 46 34 -47498147 -3.15756e+251 2.61155e+09
101 69 63 -574555 6.47706e+09
102 69 95 72389718 9.2051e+09
103 70 21 -52196629 -6.51779e+09
104 70 56 14850782 -4.5743e+09
105 70 79 84968242 3.56033e+08
106 70 89 89912275 6.2106e+09
107 71 11 54688704 -2.92867e+09
108 71 35 13641684 7.79102 19 61 -17560352 3.30879e+08
103 19 65 69573212 3.55778e+08
104 19 70 -60065942 1.75751e+09
105 19 74 -6429820 2.50557e+09
106 19 76 -66416181 6.18089e+09
107 19 84 -85133351 8.88718e+09
108 20 18 -6365408 -9.30415e+09
109 20 43 -42121004 -8.17146e+09
14 28 -96004340 -3.03714e+09
101 94 36 56469775 -8.56265e+08
102 94 62 -62415848 4.3217e+09
103 94 94 -92636386 9.60675e+09
104 95 26 79722509 -5.36594e+09
105 95 44 -81838464 -2.26052e+09
106 95 48 41994766 3.03851e+09
107 95 78 -33949045 6.25152e+09
108 910 20 49 -10532259 3.19038e+09
111 20 75 50033408 9.41159e+09
112 21 14 259326 -9.44863e+09
113 21 32 -21712561 -8.42383e+09
114 21 43 -29318294 -5.69895e+09
115 21 63 87345379 -5.43485e+09
116 21 75 1145689 -3.61831e+09
117 21 94 -30336523 6.75379e+09
11809
109 46 47 -30784235 -2.17087e+09
110 46 52 -39383416 -3.8115e+08
111 46 71 4538082 5.99697e+09
112 46 87 -30000195 8.86614e+09
113 47 24 -64639579 -7.25801e+09
114 47 38 -23313899 -6.75775e+09
115 47 40 -99945253 2.09906e+09
116 47 68 59236453 4.08811e+07e+08
109 71 60 16871637 3.39156e+09
110 71 84 10520027 4.29061e+09
111 71 85 -33832811 6.66566e+09
112 71 99 -64481578 9.09457e+09
113 72 35 81153411 -5.88411e+09
114 72 62 66958875 -6.55765e+07
115 72 87 -82817493 6.67382e+08
116 73 12 57760788 -7.882136 7 49088090 -7.76324e+09
109 96 28 29564135 -4.65701e+09
110 96 44 -11282274 -4.57973e+09
111 96 80 -20021568 2.33967e+09
112 96 94 55650828 9.0092e+09
113 97 19 -88469821 -7.07326e+09
114 97 44 77212988 -3.87013e+08
115 97 55 53081546 -2.78963e+08
0 75 25 26614647 -9.93531e+09
1 75 39 4756080 -7.40375e+09
2 75 47 86230630 -5.93287e+09
3 75 67 85636366 4.85972e+09
4 76 6 -28552719 -8.69758e+09
5 76 13 76618245 -4.68031e+09
6 76 39 -86282675 -4.16327e+09
7 76 49 21876267 8.20506e+09
8 76 87 54077664 9.31699e+09
117 73 50 -91986474 -6.01659e+09
118 73 87 -25358389 -3.2012e+09
119 74 19 -95539022 -9.26786e+09
120 74 23 -60480713 -8.66416e+09
121 74 54 49984369 -5.02806e+09
122 74 69 90608327 7.82552e+09
123 74 88 -7477257 8.12678e+09
124 74 96 -45784589 8.7853 22 23 14144598 -2.88671e+09
119 22 50 98999376 9.83385e+08
120 22 79 -45554974 4.26154e+09
121 23 16 -64647747 -7.5713e+09
122 23 48 -8144611 -6.88104e+09
123 23 56 35056576 -5.89875e+09
124 23 78 -1621787 -2.09389e+09
125 23 90 -75748145 6.42776e+09
126 09
117 47 86 -19169685 5.35052e+09
118 48 23 -30546194 -3.8463e+09
119 48 33 -55140546 -3.39895e+09
120 48 69 -96171538 -2.83646e+09
121 48 73 -12388804 1.46452e+09
122 48 92 50730392 7.23618e+09
123 49 8 -31705795 -7.67769e+09
124 49 35 31520915 -6.93501e24 9 -74609756 -9.14273e+09
127 24 27 -89758867 -5.43092e+09
128 24 59 -9572224 2.88707e+09
129 24 68 90218373 8.54339e+09
0 0 17 50788392 -7.41571e+09
1 0 19 -29244825 -6.26069e+09
2 0 51 -71308031 -1.16493e+09
3 0 74 37274762 7.26305e+08
4 1 8 -65504719 +09
125 49 39 -3426428 4.68819e+09
126 49 67 -58133101 5.77725e+09
127 49 83 -84284046 9.63833e+09
0 25 0 77910983 -5.68405e+09
1 25 4 -70076982 -4.99167e+09
2 25 32 -8883220 -2.32672e+09
3 25 63 -5797953 8.11137e+08
4 25 87 -83696806 1.94869e+09
5 25 90 -e+09
9 77 11 81479101 -8.39319e+09
10 77 38 86751393 -3.60562e+09
11 77 56 -28949527 -1.593e+09
12 77 62 74305318 1.59781e+09
13 77 86 14974047 5.93183e+09
14 78 17 79854743 -9.66117e+09
15 78 55 -81552370 -3.98514e+09
16 78 64 15020700 -2.38823e+09
17 78 2e+09
125 74 98 -96830976 9.90445e+09
0 50 18 28041891 -9.4995e+09
1 50 44 83973095 -8.25069e+09
2 50 54 -68018659 -7.92844e+08
3 50 74 1002501 4.06199e+09
4 50 94 42957730 9.9228e+09
5 51 21 36478398 -8.92734e+09
6 51 24 -94838106 -7.49576e+09
7 51 57 16112111 2.37145e+09
8 51 79 -3899248 4.17046e+09
9 52 1 41839549 -9.50561e+09
10 52 33 69890869 -5.30001e+09
11 52 58 -82137324 3.6415e+08
12 52 74 68509506 7.16747e+09
13 52 95 23532402 7.90999e+09
14 53 5 -84672908 -1.60201e+09
15 53 23 87341682 3.1253e+0941196148 8.59844e+09
6 26 15 -50058160 -7.97218e+09
7 26 19 -12277643 -3.35556e+09
8 26 30 19368244 7.50174e+08
9 26 58 -48338683 1.02e+09
10 26 73 -62472693 2.59388e+09
11 26 88 41374521 3.68687e+09
12 27 23 47726331 -4.28605e+09
13 27 54 62350579 -3.693e69 41588733 -2.22142e+09
18 78 78 38087157 -1.71471e+09
19 78 84 -78643604 8.50294e+09
20 79 9 35746539 -7.58797e+09
21 79 25 29571518 -7.22536e+09
22 79 58 -32752326 -4.78246e+09
23 79 80 -43336756 2.54879e+08
24 79 85 41125087 6.38986e+09
25 79 95 6010292.93719e+09
5 1 46 93327682 5.13881e+09
6 1 57 6489739 6.66092e+09
7 1 89 28529558 7.98391e+09
8 2 18 62117782 -1.50692e+09
9 2 39 18550041 2.93226e+09
10 2 55 85176436 4.73012e+09
11 2 83 -5290376 4.95055e+09
12 3 2 14191823 -8.26042e+09
13 3 17 -36989127+09
14 27 57 74381528 1.9902e+09
15 27 82 82456706 8.84709e+09
16 28 19 47833541 -2.39841e+09
17 28 28 35299617 4.78192e+08
18 28 60 66635310 3.00587e+09
19 28 81 65232245 5.38265e+09
20 28 86 58835016 7.47636e+09
21 28 91 -84202977 9.91174e+09
22 29 30 -858 7.84342e+09
26 80 13 72949983 7.8256e+08
27 80 40 81661794 1.15445e+09
28 80 61 -71395490 3.70713e+09
29 80 81 29302470 3.94793e+09
30 80 91 -25931016 4.69673e+09
31 81 24 -38321381 -8.76622e+09
32 81 44 13135639 -8.59719e+09
33 81 72 85638328 -4.29697e -7.27078e+09
14 3 38 39355960 -4.86638e+09
15 3 73 76090134 2.54704e+09
16 3 78 -80596977 6.54834e+09
17 3 83 13122811 6.55948e+09
18 4 9 33310808 -9.84692e+09
19 4 13 -90612976 -3.93742e+09
20 4 26 -22476937 8.72013e+08
21 4 35 -13819731 1.28165e+09
22 4
16 53 50 47643651 3.5305e+09
17 53 63 45019675 4.97096e+09
18 53 95 16343346 5.93313e+09
19 54 12 3244037 -9.00238e+09
20 54 29 -53037798 -8.58429e+09
21 54 40 -54812964 -7.65511e+09
22 54 56 -89607057 -6.99149e+09
23 54 60 70605389 -6.48099e+09
24 54 75 +09
34 81 93 76552063 8.99715e+09
35 82 10 -23685845 -6.26775e+09
36 82 11 72758182 -6.02798e+09
37 82 17 56426670 -5.50626e+09
38 82 50 -22033163 -4.07705e+09
39 82 60 -54205930 -3.20933e+09
40 82 87 -60702136 5.36233e+09
41 82 92 -39603292 7.19494e+09
426790080 -8.73716e+09
23 29 31 22363705 -8.04339e+09
24 29 47 30611244 -7.39069e+09
25 29 52 -8972660 -5.04897e+09
26 29 55 -64819763 -2.55171e+09
27 29 67 -96077026 5.2058e+09
28 29 72 36530023 6.72462e+09
29 30 10 37934800 -7.85555e+09
30 30 14 -12792996 84617958 -2.55563e+09
25 54 90 46773091 2.07379e+09
26 55 17 59234211 -9.69492e+09
27 55 46 76589363 -7.6709e+09
28 55 67 5683669 4.08121e+09
29 55 86 -23368697 5.13243e+09
30 56 10 86243765 4.88956e+08
31 56 44 -63747351 1.18067e+09
32 56 53 -55148393 4.3 49 70291673 4.22563e+09
23 4 58 -95358800 7.64278e+09
24 4 76 -59343633 9.91967e+09
25 5 9 65670516 -8.77427e+09
26 5 20 -50535517 -7.02632e+09
27 5 42 -67499404 -6.77271e+09
28 5 72 55898294 -2.53927e+09
29 5 79 -68801174 -5.04724e+07
30 5 85 -82230482 94.3235e+08
31 30 40 -50392613 6.42891e+08
32 30 54 -20872904 2.04848e+09
33 30 59 -1789411 2.25749e+09
34 30 89 50674577 7.9738e+09
35 31 28 26017031 -7.98297e+09
36 31 61 -58157733 1.85929e+09
37 31 95 72692953 9.01866e+09
38 32 19 58620718 -5.24535e+08
3 83 8 -57700641 -2.49624e+09
43 83 36 -86462223 5.18857e+09
44 83 67 -93868641 6.45359e+09
45 84 3 -98476812 -6.7994e+09
46 84 9 57032991 -5.93654e+09
47 84 19 -65615704 -5.22954e+09
48 84 44 74026719 1.69162e+08
49 84 53 -77919507 6.4561e+09
50 84 87 -388.19336e+09
31 6 8 -33809799 -5.66901e+09
32 6 35 80949613 3.18103e+09
33 6 66 50782639 5.73426e+09
34 6 81 -23531956 8.44049e+09
35 7 19 -48783909 -6.21206e+09
36 7 29 -39740020 -4.82063e+09
37 7 65 -83544964 2.62247e+09
38 7 92 79203521 9.61968e+09
39 8 20078e+09
33 56 87 -8338809 4.92159e+09
34 56 89 49992740 7.76296e+09
35 57 5 -14819867 -9.2654e+09
36 57 7 28584979 -3.01731e+09
37 57 40 53990068 8.10205e+08
38 57 76 37762947 9.97151e+09
39 58 1 28324885 -9.04014e+09
40 58 13 -28789474 -7.22723e+09
41 5894026 8.74543e+09
51 85 18 -25446061 2.88508e+09
52 85 45 10735972 4.7574e+09
53 85 73 22561429 5.31535e+09
54 85 82 13234822 7.06371e+09
55 86 14 55132158 -8.50847e+09
56 86 34 72886023 -7.83452e+09
57 86 50 -65771570 -7.13334e+09
58 86 59 -70252209 -6.729 32 46 12061084 3.55567e+09
40 32 73 94206418 3.814e+09
41 32 77 -24975837 7.06502e+09
42 32 85 62631374 9.1547e+09
43 33 11 -65783764 -9.50224e+09
44 33 45 99490510 -5.49499e+09
45 33 60 -87475387 -5.19855e+09
46 33 75 -27662829 4.81045e+09
47 33 88 -931 37 62008237 -5.91735e+09
42 58 45 51606388 -3.65394e+09
43 58 62 -73728028 -2.02902e+09
44 58 77 -95767523 3.46209e+09
45 58 92 92013154 7.25073e+09
46 58 96 -19079161 9.19209e+09
47 59 35 -82645408 -7.68141e+09
48 59 48 -29737000 6.48796e+09
49 59 60 -268 -26257599 -7.90124e+09
40 8 67 87834134 -7.12881e+09
41 8 80 70627443 1.67988e+08
42 8 88 -99266168 3.4466e+09
43 9 11 95829691 -8.87855e+09
44 9 42 -67735543 -5.98908e+09
45 9 47 99123304 -1.58639e+09
46 9 60 36713017 -1.07403e+09
47 9 97 -71565985 1.9199e+09
48 10 17 -62830816 -9.3124e+09
49 10 31 47519872 -4.59964e+09
50 10 44 96211474 -3.55356e+09
51 10 48 33839137 -1.86547e+09
52 10 66 -7505097 2.44975e+09
53 10 95 -97531085 6.19079e+09
54 11 16 -63138757 -5.0834e+09
55 11 21 66593558 -2.29845e+09
56753522 9.21464e+09
50 59 62 69728721 9.54637e+09
51 59 84 30322658 9.87745e+09
52 60 3 75004665 -9.527e+09
53 60 23 -99070605 -7.48843e+09
54 60 25 -53221278 -3.37322e+09
55 60 58 -19581650 4.82148e+09
56 60 89 -93091792 8.55242e+09
57 61 26 -1578871 -7.9505378 5.02841e+09
48 33 94 67349055 5.85393e+09
49 33 98 65334748 6.52065e+09
50 34 18 -55639442 -9.19198e+09
51 34 34 -80464065 -5.17217e+09
52 34 49 29810038 -3.09552e+09
53 34 67 -78421983 4.97453e+09
54 34 82 -79271251 9.47142e+09
55 35 18 95493499 -7.756e+09
59 86 66 43560844 -4.86003e+09
60 86 78 33987017 -1.37611e+09
61 86 84 -51866641 3.80755e+09
62 87 11 -87054763 -6.32824e+09
63 87 15 -25337053 -5.90273e+09
64 87 28 2018680 -2.81672e+09
65 87 41 51086644 -3.64587e+08
66 87 63 -8746186 4.79261e+09
12769e+09
56 35 34 -47864773 -6.4108e+08
57 35 52 -55511423 2.16953e+09
58 35 72 6827231 3.2952e+09
59 35 92 37196786 5.09573e+09
60 36 31 -37197429 2.24599e+09
61 36 59 15410848 2.68848e+09
62 36 94 51731305 4.92068e+09
63 36 98 15253116 4.92712e+09
64 3767 87 85 -41214644 4.96056e+09
68 88 4 -52820184 -7.8366e+09
69 88 25 24365746 3.10595e+09
70 88 42 -85230474 4.85494e+09
71 88 79 26619457 5.49885e+09
72 88 86 -60171177 5.58994e+09
73 89 1 22374818 -9.24437e+09
74 89 37 -17381406 -6.4637e+09
75 89 62 -27 11 54 -1359898 9.15849e+08
57 11 59 -24384511 3.31704e+09
58 11 83 -92374218 4.06656e+09
59 12 8 8460157 -8.69761e+09
60 12 33 33460676 -7.21062e+09
61 12 66 67309759 -3.19186e+09
62 12 82 39480105 7.49412e+09
63 13 11 2258047 -8.28714e+09
64 13 33 12046875e+09
58 61 30 35283050 -7.67057e+09
59 61 60 -46071390 -4.03076e+09
60 61 97 -38934278 7.58392e+09
61 62 11 23898614 -8.55415e+09
62 62 43 35139147 -7.9155e+09
63 62 69 32187748 -4.78054e+09
64 62 81 -97985788 -4.51771e+09
65 63 0 -82820369 -7.3068e+09
614 -1.26268e+09
65 13 55 2669192 1.72188e+09
66 13 87 25416929 2.22632e+09
67 13 93 -63338449 5.80335e+09
68 14 5 83961050 -8.17812e+09
69 14 8 61487776 -5.69479e+09
70 14 30 72911386 -3.97722e+09
71 14 42 54757019 -2.4085e+09
72 14 47 38042380 3.49255e+09 17 -28556489 -6.33442e+09
65 37 26 73035638 -1.65186e+09
66 37 50 -5358552 -1.17649e+09
67 37 88 47001740 1.55048e+09
68 38 15 71265983 -8.89555e+08
69 38 43 -28562001 5.50357e+08
70 38 54 -69119055 6.05436e+08
71 38 81 83282164 6.30611e+09
72 39 7 -789116 63 2 76936580 -5.22883e+09
67 63 24 -42518270 -3.24121e+09
68 63 61 -35295322 -2.37003e+09
69 63 88 -96156961 -9.64414e+08
70 64 18 -42774804 -5.24176e+09
71 64 42 36015968 -2.07108e+09
72 64 72 -52120325 4.17335e+09
73 64 77 52839835 5.52538e+09
74 64 9167822 -6.08267e+09
76 89 74 94080706 3.22205e+09
77 89 97 -41463831 4.49662e+09
78 90 11 23734647 -4.04973e+09
79 90 17 39545586 -1.2059e+09
80 90 43 -41618125 -1.12967e+09
81 90 49 -33131165 3.16364e+09
82 90 71 64815439 7.49323e+09
83 90 72 -82172985 9.7 32836284 8.19366e+09
75 65 34 -39359003 -4.98277e+09
76 65 37 4415038 4.55511e+08
77 65 46 -30967000 2.93024e+09
78 65 62 -26284052 8.31511e+09
79 65 86 -44479533 9.8375e+09
80 66 13 -22978737 -7.08018e+09
81 66 36 18177124 -6.2031e+09
82 66 55 -9426414148 -9.96457e+09
73 39 36 31816107 -8.51899e+09
74 39 49 97480718 -9.94783e+08
75 39 60 78554614 7.93637e+09
76 39 95 -96644028 9.93789e+09
77 40 16 -4732878 -4.22549e+09
78 40 52 72736668 5.55872e+07
79 40 56 85620774 3.85954e+09
80 40 87 -50300243 6.7441e
73 14 74 -98337731 5.31295e+09
74 15 7 30932480 -9.57464e+09
75 15 37 28123155 -6.56746e+09
76 15 42 68968253 -6.31373e+09
77 15 65 -5444770 -5.14331e+09
78 15 68 -13491918 -1.8813e+09
79 15 75 61134956 -1.5096e+09
80 15 78 52779864 6.5978e+09
81 15 81 1548696e+09
84 91 3 25942535 -6.42012e+09
85 91 32 66109392 -4.176e+09
86 91 49 74386348 1.15844e+09
87 91 58 -73435184 3.21395e+09
88 91 95 57899188 5.14534e+09
89 92 16 -70870284 -9.64901e+09
90 92 36 -29592691 -4.06565e+09
91 92 42 -63989657 3.06198e+08
92 92 71 21723384 4.52862e+09
93 92 83 -30257174 5.10198e+09
94 92 99 -65288222 8.73292e+09
95 93 27 19782133 -8.9492e+09
96 93 56 5060142 -8.73807e+09
97 93 85 -82267863 -2.90986e+09
98 94 8 -27005509 -7.77352e+09
99 94 20 36544838 -6.36536e+09
100 94 28 -742693 7.83487e+09
82 16 11 -52523584 -6.23037e+09
83 16 13 -71671862 -3.92175e+09
84 16 22 88599646 1.85588e+09
85 16 53 93154471 2.96462e+09
86 16 57 -19930817 3.00625e+09
87 16 92 7027143 6.90037e+09
88 17 12 29555716 -9.30393e+09
89 17 21 46429969 -6.6 7.01484e+08
83 66 83 36379660 6.26851e+09
84 67 1 -75466672 -6.44436e+09
85 67 15 -46168383 -4.67548e+09
86 67 16 48784121 -2.37613e+08
87 67 45 -3129335 1.3732e+09
88 67 81 66594544 2.14369e+09
89 67 98 -85242307 3.25718e+09
90 68 8 -94239738 -7.33778e+0+09
81 41 1 -92730605 -9.53554e+09
82 41 39 17550908 -7.57112e+09
83 41 49 60657811 -6.26362e+09
84 41 79 85571303 -3.34966e+09
85 41 95 98869482 8.56234e+07
86 42 5 51374279 -4.45009e+09
87 42 34 91980482 -1.9025e+09
88 42 49 -47976817 4.88555e+09
89 42 896004340 -3.03714e+09
101 94 36 56469775 -8.56265e+08
102 94 62 -62415848 4.3217e+09
103 94 94 -92636386 9.60675e+09
104 95 26 79722509 -5.36594e+09
105 95 44 -81838464 -2.26052e+09
106 95 48 41994766 3.03851e+09
107 95 78 -33949045 6.25152e+09
108 96 7 498518e+09
90 17 50 1836273 5.14889e+09
91 17 52 -17380261 7.26381e+09
92 17 87 46340224 8.63892e+09
93 17 89 75382912 9.79629e+09
94 18 28 -42676005 -7.43147e+09
95 18 53 90578302 5.70412e+08
96 18 64 -24527144 4.5245e+09
97 18 81 30115971 9.79717e+09
98 199
91 68 10 11313873 -4.0562e+09
92 68 33 -32574292 -2.1212e+09
93 68 70 53800417 -2.11083e+09
94 68 83 17970889 1.87678e+09
95 68 86 -36882551 8.96202e+09
96 69 20 37118630 -8.32886e+09
97 69 44 -69883517 -7.93942e+09
98 69 45 28432001 -2.15134e+09
99 69 55 52169148 6.8874e+09
90 43 23 66879071 -9.3573e+08
91 43 50 -80772553 -2.94471e+08
92 43 74 78501531 1.34674e+09
93 43 82 51919105 4.72405e+09
94 43 86 -62199268 6.0254e+09
95 43 94 33759989 8.36778e+09
96 44 1 36164069 -5.54246e+09
97 44 18 -99726992 -2.3 3372568 1.90057e+09
100 69 56 -84921251 2.61155e+09
101 69 63 -574555 6.47706e+09
102 69 95 72389718 9.2051e+09
103 70 21 -52196629 -6.51779e+09
104 70 56 14850782 -4.5743e+09
105 70 79 84968242 3.56033e+08
106 70 89 89912275 6.2106e+09
107 71 11 5468870088090 -7.76324e+09
109 96 28 29564135 -4.65701e+09
110 96 44 -11282274 -4.57973e+09
111 96 80 -20021568 2.33967e+09
112 96 94 55650828 9.0092e+09
113 97 19 -88469821 -7.07326e+09
114 97 44 77212988 -3.87013e+08
115 97 55 53081546 -2.78963e+08
0 75 25 2661 17 -94143826 -8.47521e+09
99 19 24 89077354 -5.05162e+09
100 19 55 -74670251 -4.63943e+08
101 19 59 -37926159 1.76967e+08
102 19 61 -17560352 3.30879e+08
103 19 65 69573212 3.55778e+08
104 19 70 -60065942 1.75751e+09
105 19 74 -6429820 2.50557e+09
106 19 52195e+09
98 44 54 -7298431 -1.00723e+09
99 44 66 -71600693 7.91132e+09
100 45 5 9452562 -9.81957e+09
101 45 27 36447171 -6.44794e+09
102 45 63 -8238082 -2.12166e+09
103 45 66 -63955274 1.21062e+09
104 45 80 83010971 7.07282e+09
105 45 98 -88100694 9.5016176 -66416181 6.18089e+09
107 19 84 -85133351 8.88718e+09
108 20 18 -6365408 -9.30415e+09
109 20 43 -42121004 -8.17146e+09
110 20 49 -10532259 3.19038e+09
111 20 75 50033408 9.41159e+09
112 21 14 259326 -9.44863e+09
113 21 32 -21712561 -8.42383e+09
114 21 44 -2.92867e+09
108 71 35 13641684 7.7907e+08
109 71 60 16871637 3.39156e+09
110 71 84 10520027 4.29061e+09
111 71 85 -33832811 6.66566e+09
112 71 99 -64481578 9.09457e+09
113 72 35 81153411 -5.88411e+09
114 72 62 66958875 -6.55765e+07
115 72 87 -82817493 64647 -9.93531e+09
1 75 39 4756080 -7.40375e+09
2 75 47 86230630 -5.93287e+09
3 75 67 85636366 4.85972e+09
4 76 6 -28552719 -8.69758e+09
5 76 13 76618245 -4.68031e+09
6 76 39 -86282675 -4.16327e+09
7 76 49 21876267 8.20506e+09
8 76 87 54077664 9.31699e+09
9e+09
106 46 22 23033630 -8.85169e+09
107 46 26 15225811 -5.76189e+09
108 46 34 -47498147 -3.15756e+09
109 46 47 -30784235 -2.17087e+09
110 46 52 -39383416 -3.8115e+08
111 46 71 4538082 5.99697e+09
112 46 87 -30000195 8.86614e+09
113 47 24 -64639579 -7.2580 77 11 81479101 -8.39319e+09
10 77 38 86751393 -3.60562e+09
11 77 56 -28949527 -1.593e+09
12 77 62 74305318 1.59781e+09
13 77 86 14974047 5.93183e+09
14 78 17 79854743 -9.66117e+09
15 78 55 -81552370 -3.98514e+09
16 78 64 15020700 -2.38823e+09
17 78 69 4153 -29318294 -5.69895e+09
115 21 63 87345379 -5.43485e+09
116 21 75 1145689 -3.61831e+09
117 21 94 -30336523 6.75379e+09
118 22 23 14144598 -2.88671e+09
119 22 50 98999376 9.83385e+08
120 22 79 -45554974 4.26154e+09
121 23 16 -64647747 -7.5713e+09
122 23 48.67382e+08
116 73 12 57760788 -7.88213e+09
117 73 50 -91986474 -6.01659e+09
118 73 87 -25358389 -3.2012e+09
119 74 19 -95539022 -9.26786e+09
120 74 23 -60480713 -8.66416e+09
121 74 54 49984369 -5.02806e+09
122 74 69 90608327 7.82552e+09
123 74 88 -7477257 1e+09
114 47 38 -23313899 -6.75775e+09
115 47 40 -99945253 2.09906e+09
116 47 68 59236453 4.08811e+09
117 47 86 -19169685 5.35052e+09
118 48 23 -30546194 -3.8463e+09
119 48 33 -55140546 -3.39895e+09
120 48 69 -96171538 -2.83646e+09
121 48 73 -12388804 1.46452e+09
122 48 92 50730392 7.23618e+09
123 49 8 -31705795 -7.67769e+09
124 49 35 31520915 -6.93501e+09
125 49 39 -3426428 4.68819e+09
126 49 67 -58133101 5.77725e+09
127 49 83 -84284046 9.63833e+09
0 25 0 77910983 -5.68405e+09
1 25 4 -70076982 -4.99167e+098.12678e+09
124 74 96 -45784589 8.78532e+09
125 74 98 -96830976 9.90445e+09
0 50 18 28041891 -9.4995e+09
1 50 44 83973095 -8.25069e+09
2 50 54 -68018659 -7.92844e+08
3 50 74 1002501 4.06199e+09
4 50 94 42957730 9.9228e+09
5 51 21 36478398 -8.92734e+09
6 5188733 -2.22142e+09
18 78 78 38087157 -1.71471e+09
19 78 84 -78643604 8.50294e+09
20 79 9 35746539 -7.58797e+09
21 79 25 29571518 -7.22536e+09
22 79 58 -32752326 -4.78246e+09
23 79 80 -43336756 2.54879e+08
24 79 85 41125087 6.38986e+09
25 79 95 60102958 7.8 -8144611 -6.88104e+09
123 23 56 35056576 -5.89875e+09
124 23 78 -1621787 -2.09389e+09
125 23 90 -75748145 6.42776e+09
126 24 9 -74609756 -9.14273e+09
127 24 27 -89758867 -5.43092e+09
128 24 59 -9572224 2.88707e+09
129 24 68 90218373 8.54339e+09
0 0 17 507
2 25 32 -8883220 -2.32672e+09
3 25 63 -5797953 8.11137e+08
4 25 87 -83696806 1.94869e+09
5 25 90 -41196148 8.59844e+09
6 26 15 -50058160 -7.97218e+09
7 26 19 -12277643 -3.35556e+09
8 26 30 19368244 7.50174e+08
9 26 58 -48338683 1.02e+09
10 26 73 -62472693 24 -94838106 -7.49576e+09
7 51 57 16112111 2.37145e+09
8 51 79 -3899248 4.17046e+09
9 52 1 41839549 -9.50561e+09
10 52 33 69890869 -5.30001e+09
11 52 58 -82137324 3.6415e+08
12 52 74 68509506 7.16747e+09
13 52 95 23532402 7.90999e+09
14 53 5 -84672908 -1.4342e+09
26 80 13 72949983 7.8256e+08
27 80 40 81661794 1.15445e+09
28 80 61 -71395490 3.70713e+09
29 80 81 29302470 3.94793e+09
30 80 91 -25931016 4.69673e+09
31 81 24 -38321381 -8.76622e+09
32 81 44 13135639 -8.59719e+09
33 81 72 85638328 -4.29697e+09
3488392 -7.41571e+09
1 0 19 -29244825 -6.26069e+09
2 0 51 -71308031 -1.16493e+09
3 0 74 37274762 7.26305e+08
4 1 8 -65504719 2.93719e+09
5 1 46 93327682 5.13881e+09
6 1 57 6489739 6.66092e+09
7 1 89 28529558 7.98391e+09
8 2 18 62117782 -1.50692e+09
9 2 39 18 81 93 76552063 8.99715e+09
35 82 10 -23685845 -6.26775e+09
36 82 11 72758182 -6.02798e+09
37 82 17 56426670 -5.50626e+09
38 82 50 -22033163 -4.07705e+09
39 82 60 -54205930 -3.20933e+09
40 82 87 -60702136 5.36233e+09
41 82 92 -39603292 7.19494e+09
42 83 8  2.59388e+09
11 26 88 41374521 3.68687e+09
12 27 23 47726331 -4.28605e+09
13 27 54 62350579 -3.693e+09
14 27 57 74381528 1.9902e+09
15 27 82 82456706 8.84709e+09
16 28 19 47833541 -2.39841e+09
17 28 28 35299617 4.78192e+08
18 28 60 66635310 3.00587e+09
19 60201e+09
15 53 23 87341682 3.1253e+09
16 53 50 47643651 3.5305e+09
17 53 63 45019675 4.97096e+09
18 53 95 16343346 5.93313e+09
19 54 12 3244037 -9.00238e+09
20 54 29 -53037798 -8.58429e+09
21 54 40 -54812964 -7.65511e+09
22 54 56 -89607057 -6.99149e+09
23550041 2.93226e+09
10 2 55 85176436 4.73012e+09
11 2 83 -5290376 4.95055e+09
12 3 2 14191823 -8.26042e+09
13 3 17 -36989127 -7.27078e+09
14 3 38 39355960 -4.86638e+09
15 3 73 76090134 2.54704e+09
16 3 78 -80596977 6.54834e+09
17 3 83 13122811 6.55948e+09
18 4 9 33310808 -9.84692e+09
19 4 13 -90612976 -3.93742e+09
20 4 26 -22476937 8.72013e+08
21 4 35 -13819731 1.28165e+09
22 4 49 70291673 4.22563e+09
23 4 58 -95358800 7.64278e+09
24 4 76 -59343633 9.91967e+09
25 5 9 65670516 -8.77427e+09
26 5 20 -50535517 - 54 60 70605389 -6.48099e+09
24 54 75 84617958 -2.55563e+09
25 54 90 46773091 2.07379e+09
26 55 17 59234211 -9.69492e+09
27 55 46 76589363 -7.6709e+09
28 55 67 5683669 4.08121e+09
29 55 86 -23368697 5.13243e+09
30 56 10 86243765 4.88956e+08
31 56 44 -63747-57700641 -2.49624e+09
43 83 36 -86462223 5.18857e+09
44 83 67 -93868641 6.45359e+09
45 84 3 -98476812 -6.7994e+09
46 84 9 57032991 -5.93654e+09
47 84 19 -65615704 -5.22954e+09
48 84 44 74026719 1.69162e+08
49 84 53 -77919507 6.4561e+09
50 84 87 -38894026 28 81 65232245 5.38265e+09
20 28 86 58835016 7.47636e+09
21 28 91 -84202977 9.91174e+09
22 29 30 -86790080 -8.73716e+09
23 29 31 22363705 -8.04339e+09
24 29 47 30611244 -7.39069e+09
25 29 52 -8972660 -5.04897e+09
26 29 55 -64819763 -2.55171e+09
27 29 67 -97.02632e+09
27 5 42 -67499404 -6.77271e+09
28 5 72 55898294 -2.53927e+09
29 5 79 -68801174 -5.04724e+07
30 5 85 -82230482 9.19336e+09
31 6 8 -33809799 -5.66901e+09
32 6 35 80949613 3.18103e+09
33 6 66 50782639 5.73426e+09
34 6 81 -23531956 8.44049e+09
35 7351 1.18067e+09
32 56 53 -55148393 4.30078e+09
33 56 87 -8338809 4.92159e+09
34 56 89 49992740 7.76296e+09
35 57 5 -14819867 -9.2654e+09
36 57 7 28584979 -3.01731e+09
37 57 40 53990068 8.10205e+08
38 57 76 37762947 9.97151e+09
39 58 1 28324885 -9.04014e+098.74543e+09
51 85 18 -25446061 2.88508e+09
52 85 45 10735972 4.7574e+09
53 85 73 22561429 5.31535e+09
54 85 82 13234822 7.06371e+09
55 86 14 55132158 -8.50847e+09
56 86 34 72886023 -7.83452e+09
57 86 50 -65771570 -7.13334e+09
58 86 59 -70252209 -6.72756e+06077026 5.2058e+09
28 29 72 36530023 6.72462e+09
29 30 10 37934800 -7.85555e+09
30 30 14 -12792996 4.3235e+08
31 30 40 -50392613 6.42891e+08
32 30 54 -20872904 2.04848e+09
33 30 59 -1789411 2.25749e+09
34 30 89 50674577 7.9738e+09
35 31 28 26017031 -7.98297e+09
36 31 61 -58157733 1.85929e+09
37 31 95 72692953 9.01866e+09
38 32 19 58620718 -5.24535e+08
39 32 46 12061084 3.55567e+09
40 32 73 94206418 3.814e+09
41 32 77 -24975837 7.06502e+09
42 32 85 62631374 9.1547e+09
43 33 11 -65783764 -9.50224e+09
44 33 459
59 86 66 43560844 -4.86003e+09
60 86 78 33987017 -1.37611e+09
61 86 84 -51866641 3.80755e+09
62 87 11 -87054763 -6.32824e+09
63 87 15 -25337053 -5.90273e+09
64 87 28 2018680 -2.81672e+09
65 87 41 51086644 -3.64587e+08
66 87 63 -8746186 4.79261e+09
67 87  19 -48783909 -6.21206e+09
36 7 29 -39740020 -4.82063e+09
37 7 65 -83544964 2.62247e+09
38 7 92 79203521 9.61968e+09
39 8 28 -26257599 -7.90124e+09
40 8 67 87834134 -7.12881e+09
41 8 80 70627443 1.67988e+08
42 8 88 -99266168 3.4466e+09
43 9 11 95829691 -8.
40 58 13 -28789474 -7.22723e+09
41 58 37 62008237 -5.91735e+09
42 58 45 51606388 -3.65394e+09
43 58 62 -73728028 -2.02902e+09
44 58 77 -95767523 3.46209e+09
45 58 92 92013154 7.25073e+09
46 58 96 -19079161 9.19209e+09
47 59 35 -82645408 -7.68141e+09
48 59 99490510 -5.49499e+09
45 33 60 -87475387 -5.19855e+09
46 33 75 -27662829 4.81045e+09
47 33 88 -93105378 5.02841e+09
48 33 94 67349055 5.85393e+09
49 33 98 65334748 6.52065e+09
50 34 18 -55639442 -9.19198e+09
51 34 34 -80464065 -5.17217e+09
52 34 49 29810085 -41214644 4.96056e+09
68 88 4 -52820184 -7.8366e+09
69 88 25 24365746 3.10595e+09
70 88 42 -85230474 4.85494e+09
71 88 79 26619457 5.49885e+09
72 88 86 -60171177 5.58994e+09
73 89 1 22374818 -9.24437e+09
74 89 37 -17381406 -6.4637e+09
75 89 62 -2716782287855e+09
44 9 42 -67735543 -5.98908e+09
45 9 47 99123304 -1.58639e+09
46 9 60 36713017 -1.07403e+09
47 9 97 -71565985 1.9199e+09
48 10 17 -62830816 -9.3124e+09
49 10 31 47519872 -4.59964e+09
50 10 44 96211474 -3.55356e+09
51 10 48 33839137 -1.86547e+09
52 48 -29737000 6.48796e+09
49 59 60 -26753522 9.21464e+09
50 59 62 69728721 9.54637e+09
51 59 84 30322658 9.87745e+09
52 60 3 75004665 -9.527e+09
53 60 23 -99070605 -7.48843e+09
54 60 25 -53221278 -3.37322e+09
55 60 58 -19581650 4.82148e+09
56 60 89 -93091792 8.55242e+09
57 61 26 -1578871 -7.9575e+09
58 61 30 35283050 -7.67057e+09
59 61 60 -46071390 -4.03076e+09
60 61 97 -38934278 7.58392e+09
61 62 11 23898614 -8.55415e+09
62 62 43 35139147 -7.9155e+09
63 62 69 32187748 -4.78054e+09
64 62 81 -97985788 -4.517 10 66 -7505097 2.44975e+09
53 10 95 -97531085 6.19079e+09
54 11 16 -63138757 -5.0834e+09
55 11 21 66593558 -2.29845e+09
56 11 54 -1359898 9.15849e+08
57 11 59 -24384511 3.31704e+09
58 11 83 -92374218 4.06656e+09
59 12 8 8460157 -8.69761e+09
60 12 33 3346038 -3.09552e+09
53 34 67 -78421983 4.97453e+09
54 34 82 -79271251 9.47142e+09
55 35 18 95493499 -7.12769e+09
56 35 34 -47864773 -6.4108e+08
57 35 52 -55511423 2.16953e+09
58 35 72 6827231 3.2952e+09
59 35 92 37196786 5.09573e+09
60 36 31 -37197429 2.24599e -6.08267e+09
76 89 74 94080706 3.22205e+09
77 89 97 -41463831 4.49662e+09
78 90 11 23734647 -4.04973e+09
79 90 17 39545586 -1.2059e+09
80 90 43 -41618125 -1.12967e+09
81 90 49 -33131165 3.16364e+09
82 90 71 64815439 7.49323e+09
83 90 72 -82172985 9.48696e+09
84 91 3 25942535 -6.42012e+09
85 91 32 66109392 -4.176e+09
86 91 49 74386348 1.15844e+09
87 91 58 -73435184 3.21395e+09
88 91 95 57899188 5.14534e+09
89 92 16 -70870284 -9.64901e+09
90 92 36 -29592691 -4.06565e+09
91 92 42 -63989657 3.06198e+08
92 92 771e+09
65 63 0 -82820369 -7.3068e+09
66 63 2 76936580 -5.22883e+09
67 63 24 -42518270 -3.24121e+09
68 63 61 -35295322 -2.37003e+09
69 63 88 -96156961 -9.64414e+08
70 64 18 -42774804 -5.24176e+09
71 64 42 36015968 -2.07108e+09
72 64 72 -52120325 4.17335e+09676 -7.21062e+09
61 12 66 67309759 -3.19186e+09
62 12 82 39480105 7.49412e+09
63 13 11 2258047 -8.28714e+09
64 13 33 12046814 -1.26268e+09
65 13 55 2669192 1.72188e+09
66 13 87 25416929 2.22632e+09
67 13 93 -63338449 5.80335e+09
68 14 5 83961050 -8.17812e++09
61 36 59 15410848 2.68848e+09
62 36 94 51731305 4.92068e+09
63 36 98 15253116 4.92712e+09
64 37 17 -28556489 -6.33442e+09
65 37 26 73035638 -1.65186e+09
66 37 50 -5358552 -1.17649e+09
67 37 88 47001740 1.55048e+09
68 38 15 71265983 -8.89555e+08
69 38 41 21723384 4.52862e+09
93 92 83 -30257174 5.10198e+09
94 92 99 -65288222 8.73292e+09
95 93 27 19782133 -8.9492e+09
96 93 56 5060142 -8.73807e+09
97 93 85 -82267863 -2.90986e+09
98 94 8 -27005509 -7.77352e+09
99 94 20 36544838 -6.36536e+09
100 94 28 -960043
73 64 77 52839835 5.52538e+09
74 64 97 32836284 8.19366e+09
75 65 34 -39359003 -4.98277e+09
76 65 37 4415038 4.55511e+08
77 65 46 -30967000 2.93024e+09
78 65 62 -26284052 8.31511e+09
79 65 86 -44479533 9.8375e+09
80 66 13 -22978737 -7.08018e+09
81 66 36 109
69 14 8 61487776 -5.69479e+09
70 14 30 72911386 -3.97722e+09
71 14 42 54757019 -2.4085e+09
72 14 47 38042380 3.49255e+09
73 14 74 -98337731 5.31295e+09
74 15 7 30932480 -9.57464e+09
75 15 37 28123155 -6.56746e+09
76 15 42 68968253 -6.31373e+09
77 15 65 3 -28562001 5.50357e+08
70 38 54 -69119055 6.05436e+08
71 38 81 83282164 6.30611e+09
72 39 7 -7891148 -9.96457e+09
73 39 36 31816107 -8.51899e+09
74 39 49 97480718 -9.94783e+08
75 39 60 78554614 7.93637e+09
76 39 95 -96644028 9.93789e+09
77 40 16 -4732878 -4.22549e+09
78 40 52 72736668 5.55872e+07
79 40 56 85620774 3.85954e+09
80 40 87 -50300243 6.7441e+09
81 41 1 -92730605 -9.53554e+09
82 41 39 17550908 -7.57112e+09
83 41 49 60657811 -6.26362e+09
84 41 79 85571303 -3.34966e+09
85 41 95 98869482 8.56234e+07-5444770 -5.14331e+09
78 15 68 -13491918 -1.8813e+09
79 15 75 61134956 -1.5096e+09
80 15 78 52779864 6.5978e+09
81 15 81 15742693 7.83487e+09
82 16 11 -52523584 -6.23037e+09
83 16 13 -71671862 -3.92175e+09
84 16 22 88599646 1.85588e+09
85 16 53 93154471 2.40 -3.03714e+09
101 94 36 56469775 -8.56265e+08
102 94 62 -62415848 4.3217e+09
103 94 94 -92636386 9.60675e+09
104 95 26 79722509 -5.36594e+09
105 95 44 -81838464 -2.26052e+09
106 95 48 41994766 3.03851e+09
107 95 78 -33949045 6.25152e+09
108 96 7 490880908177124 -6.2031e+09
82 66 55 -94264141 7.01484e+08
83 66 83 36379660 6.26851e+09
84 67 1 -75466672 -6.44436e+09
85 67 15 -46168383 -4.67548e+09
86 67 16 48784121 -2.37613e+08
87 67 45 -3129335 1.3732e+09
88 67 81 66594544 2.14369e+09
89 67 98 -85242307 3.25718e+09
90 68 8 -94239738 -7.33778e+09
91 68 10 11313873 -4.0562e+09
92 68 33 -32574292 -2.1212e+09
93 68 70 53800417 -2.11083e+09
94 68 83 17970889 1.87678e+09
95 68 86 -36882551 8.96202e+09
96 69 20 37118630 -8.32886e+09
97 69 44 -69883517 -7.93942e+09

86 42 5 51374279 -4.45009e+09
87 42 34 91980482 -1.9025e+09
88 42 49 -47976817 4.88555e+09
89 42 85 52169148 6.8874e+09
90 43 23 66879071 -9.3573e+08
91 43 50 -80772553 -2.94471e+08
92 43 74 78501531 1.34674e+09
93 43 82 51919105 4.72405e+09
94 43 86 -62196462e+09
86 16 57 -19930817 3.00625e+09
87 16 92 7027143 6.90037e+09
88 17 12 29555716 -9.30393e+09
89 17 21 46429969 -6.68518e+09
90 17 50 1836273 5.14889e+09
91 17 52 -17380261 7.26381e+09
92 17 87 46340224 8.63892e+09
93 17 89 75382912 9.79629e+09
94 1 -7.76324e+09
109 96 28 29564135 -4.65701e+09
110 96 44 -11282274 -4.57973e+09
111 96 80 -20021568 2.33967e+09
112 96 94 55650828 9.0092e+09
113 97 19 -88469821 -7.07326e+09
114 97 44 77212988 -3.87013e+08
115 97 55 53081546 -2.78963e+08
0 75 25 26614647 -99268 6.0254e+09
95 43 94 33759989 8.36778e+09
96 44 1 36164069 -5.54246e+09
97 44 18 -99726992 -2.52195e+09
98 44 54 -7298431 -1.00723e+09
99 44 66 -71600693 7.91132e+09
100 45 5 9452562 -9.81957e+09
101 45 27 36447171 -6.44794e+09
102 45 63 -8238082 -2.18 28 -42676005 -7.43147e+09
95 18 53 90578302 5.70412e+08
96 18 64 -24527144 4.5245e+09
97 18 81 30115971 9.79717e+09
98 19 17 -94143826 -8.47521e+09
99 19 24 89077354 -5.05162e+09
100 19 55 -74670251 -4.63943e+08
101 19 59 -37926159 1.76967e+08
102 19 61 9.93531e+09
1 75 39 4756080 -7.40375e+09
2 75 47 86230630 -5.93287e+09
3 75 67 85636366 4.85972e+09
4 76 6 -28552719 -8.69758e+09
5 76 13 76618245 -4.68031e+09
6 76 39 -86282675 -4.16327e+09
7 76 49 21876267 8.20506e+09
8 76 87 54077664 9.31699e+09
9 77 1198 69 45 28432001 -2.15134e+09
99 69 53 3372568 1.90057e+09
100 69 56 -84921251 2.61155e+09
101 69 63 -574555 6.47706e+09
102 69 95 72389718 9.2051e+09
103 70 21 -52196629 -6.51779e+09
104 70 56 14850782 -4.5743e+09
105 70 79 84968242 3.56033e+08
106 70 89 89912275 6.2106e+09
107 71 11 54688704 -2.92867e+09
108 71 35 13641684 7.7907e+08
109 71 60 16871637 3.39156e+09
110 71 84 10520027 4.29061e+09
111 71 85 -33832811 6.66566e+09
112 71 99 -64481578 9.09457e+09
113 72 35 81153411 -5.88411e+09
114 72 62 66958 81479101 -8.39319e+09
10 77 38 86751393 -3.60562e+09
11 77 56 -28949527 -1.593e+09
12 77 62 74305318 1.59781e+09
13 77 86 14974047 5.93183e+09
14 78 17 79854743 -9.66117e+09
15 78 55 -81552370 -3.98514e+09
16 78 64 15020700 -2.38823e+09
17 78 69 41588733 -17560352 3.30879e+08
103 19 65 69573212 3.55778e+08
104 19 70 -60065942 1.75751e+09
105 19 74 -6429820 2.50557e+09
106 19 76 -66416181 6.18089e+09
107 19 84 -85133351 8.88718e+09
108 20 18 -6365408 -9.30415e+09
109 20 43 -42121004 -8.17146e+09
110 20 49 -2166e+09
103 45 66 -63955274 1.21062e+09
104 45 80 83010971 7.07282e+09
105 45 98 -88100694 9.50161e+09
106 46 22 23033630 -8.85169e+09
107 46 26 15225811 -5.76189e+09
108 46 34 -47498147 -3.15756e+09
109 46 47 -30784235 -2.17087e+09
110 46 52 -39383416 -3.8115e+08
111 46 71 4538082 5.99697e+09
112 46 87 -30000195 8.86614e+09
113 47 24 -64639579 -7.25801e+09
114 47 38 -23313899 -6.75775e+09
115 47 40 -99945253 2.09906e+09
116 47 68 59236453 4.08811e+09
117 47 86 -19169685 5.35052e+09
118 48 23 -30546194 -3.875 -6.55765e+07
115 72 87 -82817493 6.67382e+08
116 73 12 57760788 -7.88213e+09
117 73 50 -91986474 -6.01659e+09
118 73 87 -25358389 -3.2012e+09
119 74 19 -95539022 -9.26786e+09
120 74 23 -60480713 -8.66416e+09
121 74 54 49984369 -5.02806e+09
122 74 69 90-2.22142e+09
18 78 78 38087157 -1.71471e+09
19 78 84 -78643604 8.50294e+09
20 79 9 35746539 -7.58797e+09
21 79 25 29571518 -7.22536e+09
22 79 58 -32752326 -4.78246e+09
23 79 80 -43336756 2.54879e+08
24 79 85 41125087 6.38986e+09
25 79 95 60102958 7.84342e+10532259 3.19038e+09
111 20 75 50033408 9.41159e+09
112 21 14 259326 -9.44863e+09
113 21 32 -21712561 -8.42383e+09
114 21 43 -29318294 -5.69895e+09
115 21 63 87345379 -5.43485e+09
116 21 75 1145689 -3.61831e+09
117 21 94 -30336523 6.75379e+09
118 22 23 1418463e+09
119 48 33 -55140546 -3.39895e+09
120 48 69 -96171538 -2.83646e+09
121 48 73 -12388804 1.46452e+09
122 48 92 50730392 7.23618e+09
123 49 8 -31705795 -7.67769e+09
124 49 35 31520915 -6.93501e+09
125 49 39 -3426428 4.68819e+09
126 49 67 -58133101 5.7608327 7.82552e+09
123 74 88 -7477257 8.12678e+09
124 74 96 -45784589 8.78532e+09
125 74 98 -96830976 9.90445e+09
0 50 18 28041891 -9.4995e+09
1 50 44 83973095 -8.25069e+09
2 50 54 -68018659 -7.92844e+08
3 50 74 1002501 4.06199e+09
4 50 94 42957730 9.9228e09
26 80 13 72949983 7.8256e+08
27 80 40 81661794 1.15445e+09
28 80 61 -71395490 3.70713e+09
29 80 81 29302470 3.94793e+09
30 80 91 -25931016 4.69673e+09
31 81 24 -38321381 -8.76622e+09
32 81 44 13135639 -8.59719e+09
33 81 72 85638328 -4.29697e+09
34 81 9344598 -2.88671e+09
119 22 50 98999376 9.83385e+08
120 22 79 -45554974 4.26154e+09
121 23 16 -64647747 -7.5713e+09
122 23 48 -8144611 -6.88104e+09
123 23 56 35056576 -5.89875e+09
124 23 78 -1621787 -2.09389e+09
125 23 90 -75748145 6.42776e+09
126 24 9 -7460 76552063 8.99715e+09
35 82 10 -23685845 -6.26775e+09
36 82 11 72758182 -6.02798e+09
37 82 17 56426670 -5.50626e+09
38 82 50 -22033163 -4.07705e+09
39 82 60 -54205930 -3.20933e+09
40 82 87 -60702136 5.36233e+09
41 82 92 -39603292 7.19494e+09
42 83 8 -577007725e+09
127 49 83 -84284046 9.63833e+09
0 25 0 77910983 -5.68405e+09
1 25 4 -70076982 -4.99167e+09
2 25 32 -8883220 -2.32672e+09
3 25 63 -5797953 8.11137e+08
4 25 87 -83696806 1.94869e+09
5 25 90 -41196148 8.59844e+09
6 26 15 -50058160 -7.97218e+09
7 26 1+09
5 51 21 36478398 -8.92734e+09
6 51 24 -94838106 -7.49576e+09
7 51 57 16112111 2.37145e+09
8 51 79 -3899248 4.17046e+09
9 52 1 41839549 -9.50561e+09
10 52 33 69890869 -5.30001e+09
11 52 58 -82137324 3.6415e+08
12 52 74 68509506 7.16747e+09
13 52 95 23539756 -9.14273e+09
127 24 27 -89758867 -5.43092e+09
128 24 59 -9572224 2.88707e+09
129 24 68 90218373 8.54339e+09
0 0 17 50788392 -7.41571e+09
1 0 19 -29244825 -6.26069e+09
2 0 51 -71308031 -1.16493e+09
3 0 74 37274762 7.26305e+08
4 1 8 -65504719 2.93719e+02402 7.90999e+09
14 53 5 -84672908 -1.60201e+09
15 53 23 87341682 3.1253e+09
16 53 50 47643651 3.5305e+09
17 53 63 45019675 4.97096e+09
18 53 95 16343346 5.93313e+09
19 54 12 3244037 -9.00238e+09
20 54 29 -53037798 -8.58429e+09
21 54 40 -54812964 -7.65511e641 -2.49624e+09
43 83 36 -86462223 5.18857e+09
44 83 67 -93868641 6.45359e+09
45 84 3 -98476812 -6.7994e+09
46 84 9 57032991 -5.93654e+09
47 84 19 -65615704 -5.22954e+09
48 84 44 74026719 1.69162e+08
49 84 53 -77919507 6.4561e+09
50 84 87 -38894026 8.74549 -12277643 -3.35556e+09
8 26 30 19368244 7.50174e+08
9 26 58 -48338683 1.02e+09
10 26 73 -62472693 2.59388e+09
11 26 88 41374521 3.68687e+09
12 27 23 47726331 -4.28605e+09
13 27 54 62350579 -3.693e+09
14 27 57 74381528 1.9902e+09
15 27 82 82456706 8.847099
5 1 46 93327682 5.13881e+09
6 1 57 6489739 6.66092e+09
7 1 89 28529558 7.98391e+09
8 2 18 62117782 -1.50692e+09
9 2 39 18550041 2.93226e+09
10 2 55 85176436 4.73012e+09
11 2 83 -5290376 4.95055e+09
12 3 2 14191823 -8.26042e+09
13 3 17 -36989127 -7.27078e+09
22 54 56 -89607057 -6.99149e+09
23 54 60 70605389 -6.48099e+09
24 54 75 84617958 -2.55563e+09
25 54 90 46773091 2.07379e+09
26 55 17 59234211 -9.69492e+09
27 55 46 76589363 -7.6709e+09
28 55 67 5683669 4.08121e+09
29 55 86 -23368697 5.13243e+09
30 56 13e+09
51 85 18 -25446061 2.88508e+09
52 85 45 10735972 4.7574e+09
53 85 73 22561429 5.31535e+09
54 85 82 13234822 7.06371e+09
55 86 14 55132158 -8.50847e+09
56 86 34 72886023 -7.83452e+09
57 86 50 -65771570 -7.13334e+09
58 86 59 -70252209 -6.72756e+09
59 8+09
14 3 38 39355960 -4.86638e+09
15 3 73 76090134 2.54704e+09
16 3 78 -80596977 6.54834e+09
17 3 83 13122811 6.55948e+09
18 4 9 33310808 -9.84692e+09
19 4 13 -90612976 -3.93742e+09
20 4 26 -22476937 8.72013e+08
21 4 35 -13819731 1.28165e+09
22 4 49 702916e+09
16 28 19 47833541 -2.39841e+09
17 28 28 35299617 4.78192e+08
18 28 60 66635310 3.00587e+09
19 28 81 65232245 5.38265e+09
20 28 86 58835016 7.47636e+09
21 28 91 -84202977 9.91174e+09
22 29 30 -86790080 -8.73716e+09
23 29 31 22363705 -8.04339e+09
24 29 0 86243765 4.88956e+08
31 56 44 -63747351 1.18067e+09
32 56 53 -55148393 4.30078e+09
33 56 87 -8338809 4.92159e+09
34 56 89 49992740 7.76296e+09
35 57 5 -14819867 -9.2654e+09
36 57 7 28584979 -3.01731e+09
37 57 40 53990068 8.10205e+08
38 57 76 37762947 9.947 30611244 -7.39069e+09
25 29 52 -8972660 -5.04897e+09
26 29 55 -64819763 -2.55171e+09
27 29 67 -96077026 5.2058e+09
28 29 72 36530023 6.72462e+09
29 30 10 37934800 -7.85555e+09
30 30 14 -12792996 4.3235e+08
31 30 40 -50392613 6.42891e+08
32 30 54 -20872973 4.22563e+09
23 4 58 -95358800 7.64278e+09
24 4 76 -59343633 9.91967e+09
25 5 9 65670516 -8.77427e+09
26 5 20 -50535517 -7.02632e+09
27 5 42 -67499404 -6.77271e+09
28 5 72 55898294 -2.53927e+09
29 5 79 -68801174 -5.04724e+07
30 5 85 -82230482 9.19336e+096 66 43560844 -4.86003e+09
60 86 78 33987017 -1.37611e+09
61 86 84 -51866641 3.80755e+09
62 87 11 -87054763 -6.32824e+09
63 87 15 -25337053 -5.90273e+09
64 87 28 2018680 -2.81672e+09
65 87 41 51086644 -3.64587e+08
66 87 63 -8746186 4.79261e+09
67 87 85 -41214644 4.96056e+09
68 88 4 -52820184 -7.8366e+09
69 88 25 24365746 3.10595e+09
70 88 42 -85230474 4.85494e+09
71 88 79 26619457 5.49885e+09
72 88 86 -60171177 5.58994e+09
73 89 1 22374818 -9.24437e+09
74 89 37 -17381406 -6.4637e+09
75 89 62 -27167822 -6.0804 2.04848e+09
33 30 59 -1789411 2.25749e+09
34 30 89 50674577 7.9738e+09
35 31 28 26017031 -7.98297e+09
36 31 61 -58157733 1.85929e+09
37 31 95 72692953 9.01866e+09
38 32 19 58620718 -5.24535e+08
39 32 46 12061084 3.55567e+09
40 32 73 94206418 3.814e+09
4
31 6 8 -33809799 -5.66901e+09
32 6 35 80949613 3.18103e+09
33 6 66 50782639 5.73426e+09
34 6 81 -23531956 8.44049e+09
35 7 19 -48783909 -6.21206e+09
36 7 29 -39740020 -4.82063e+09
37 7 65 -83544964 2.62247e+09
38 7 92 79203521 9.61968e+09
39 8 28 -26257597151e+09
39 58 1 28324885 -9.04014e+09
40 58 13 -28789474 -7.22723e+09
41 58 37 62008237 -5.91735e+09
42 58 45 51606388 -3.65394e+09
43 58 62 -73728028 -2.02902e+09
44 58 77 -95767523 3.46209e+09
45 58 92 92013154 7.25073e+09
46 58 96 -19079161 9.19209e+09
47 59 35 -82645408 -7.68141e+09
48 59 48 -29737000 6.48796e+09
49 59 60 -26753522 9.21464e+09
50 59 62 69728721 9.54637e+09
51 59 84 30322658 9.87745e+09
52 60 3 75004665 -9.527e+09
53 60 23 -99070605 -7.48843e+09
54 60 25 -53221278 -3.37322e+09
55 60 58 267e+09
76 89 74 94080706 3.22205e+09
77 89 97 -41463831 4.49662e+09
78 90 11 23734647 -4.04973e+09
79 90 17 39545586 -1.2059e+09
80 90 43 -41618125 -1.12967e+09
81 90 49 -33131165 3.16364e+09
82 90 71 64815439 7.49323e+09
83 90 72 -82172985 9.48696e+09
841 32 77 -24975837 7.06502e+09
42 32 85 62631374 9.1547e+09
43 33 11 -65783764 -9.50224e+09
44 33 45 99490510 -5.49499e+09
45 33 60 -87475387 -5.19855e+09
46 33 75 -27662829 4.81045e+09
47 33 88 -93105378 5.02841e+09
48 33 94 67349055 5.85393e+09
49 33 98 69 -7.90124e+09
40 8 67 87834134 -7.12881e+09
41 8 80 70627443 1.67988e+08
42 8 88 -99266168 3.4466e+09
43 9 11 95829691 -8.87855e+09
44 9 42 -67735543 -5.98908e+09
45 9 47 99123304 -1.58639e+09
46 9 60 36713017 -1.07403e+09
47 9 97 -71565985 1.9199e+09
48 -19581650 4.82148e+09
56 60 89 -93091792 8.55242e+09
57 61 26 -1578871 -7.9575e+09
58 61 30 35283050 -7.67057e+09
59 61 60 -46071390 -4.03076e+09
60 61 97 -38934278 7.58392e+09
61 62 11 23898614 -8.55415e+09
62 62 43 35139147 -7.9155e+09
63 62 69 32187748  91 3 25942535 -6.42012e+09
85 91 32 66109392 -4.176e+09
86 91 49 74386348 1.15844e+09
87 91 58 -73435184 3.21395e+09
88 91 95 57899188 5.14534e+09
89 92 16 -70870284 -9.64901e+09
90 92 36 -29592691 -4.06565e+09
91 92 42 -63989657 3.06198e+08
92 92 71 21725334748 6.52065e+09
50 34 18 -55639442 -9.19198e+09
51 34 34 -80464065 -5.17217e+09
52 34 49 29810038 -3.09552e+09
53 34 67 -78421983 4.97453e+09
54 34 82 -79271251 9.47142e+09
55 35 18 95493499 -7.12769e+09
56 35 34 -47864773 -6.4108e+08
57 35 52 -555114210 17 -62830816 -9.3124e+09
49 10 31 47519872 -4.59964e+09
50 10 44 96211474 -3.55356e+09
51 10 48 33839137 -1.86547e+09
52 10 66 -7505097 2.44975e+09
53 10 95 -97531085 6.19079e+09
54 11 16 -63138757 -5.0834e+09
55 11 21 66593558 -2.29845e+09
56 11 54 -133 2.16953e+09
58 35 72 6827231 3.2952e+09
59 35 92 37196786 5.09573e+09
60 36 31 -37197429 2.24599e+09
61 36 59 15410848 2.68848e+09
62 36 94 51731305 4.92068e+09
63 36 98 15253116 4.92712e+09
64 37 17 -28556489 -6.33442e+09
65 37 26 73035638 -1.65186e+09
-4.78054e+09
64 62 81 -97985788 -4.51771e+09
65 63 0 -82820369 -7.3068e+09
66 63 2 76936580 -5.22883e+09
67 63 24 -42518270 -3.24121e+09
68 63 61 -35295322 -2.37003e+09
69 63 88 -96156961 -9.64414e+08
70 64 18 -42774804 -5.24176e+09
71 64 42 36015968 -2.073384 4.52862e+09
93 92 83 -30257174 5.10198e+09
94 92 99 -65288222 8.73292e+09
95 93 27 19782133 -8.9492e+09
96 93 56 5060142 -8.73807e+09
97 93 85 -82267863 -2.90986e+09
98 94 8 -27005509 -7.77352e+09
99 94 20 36544838 -6.36536e+09
100 94 28 -96004340 -3.59898 9.15849e+08
57 11 59 -24384511 3.31704e+09
58 11 83 -92374218 4.06656e+09
59 12 8 8460157 -8.69761e+09
60 12 33 33460676 -7.21062e+09
61 12 66 67309759 -3.19186e+09
62 12 82 39480105 7.49412e+09
63 13 11 2258047 -8.28714e+09
64 13 33 12046814 -1.262603714e+09
101 94 36 56469775 -8.56265e+08
102 94 62 -62415848 4.3217e+09
103 94 94 -92636386 9.60675e+09
104 95 26 79722509 -5.36594e+09
105 95 44 -81838464 -2.26052e+09
106 95 48 41994766 3.03851e+09
107 95 78 -33949045 6.25152e+09
108 96 7 49088090 -7.7666 37 50 -5358552 -1.17649e+09
67 37 88 47001740 1.55048e+09
68 38 15 71265983 -8.89555e+08
69 38 43 -28562001 5.50357e+08
70 38 54 -69119055 6.05436e+08
71 38 81 83282164 6.30611e+09
72 39 7 -7891148 -9.96457e+09
73 39 36 31816107 -8.51899e+09
74 39 49 97108e+09
72 64 72 -52120325 4.17335e+09
73 64 77 52839835 5.52538e+09
74 64 97 32836284 8.19366e+09
75 65 34 -39359003 -4.98277e+09
76 65 37 4415038 4.55511e+08
77 65 46 -30967000 2.93024e+09
78 65 62 -26284052 8.31511e+09
79 65 86 -44479533 9.8375e+09
80 68e+09
65 13 55 2669192 1.72188e+09
66 13 87 25416929 2.22632e+09
67 13 93 -63338449 5.80335e+09
68 14 5 83961050 -8.17812e+09
69 14 8 61487776 -5.69479e+09
70 14 30 72911386 -3.97722e+09
71 14 42 54757019 -2.4085e+09
72 14 47 38042380 3.49255e+09
73 14 74 -98337731 5.31295e+09
74 15 7 30932480 -9.57464e+09
75 15 37 28123155 -6.56746e+09
76 15 42 68968253 -6.31373e+09
77 15 65 -5444770 -5.14331e+09
78 15 68 -13491918 -1.8813e+09
79 15 75 61134956 -1.5096e+09
80 15 78 52779864 6.5978e+09
81 15 81 15742693 7.86 13 -22978737 -7.08018e+09
81 66 36 18177124 -6.2031e+09
82 66 55 -94264141 7.01484e+08
83 66 83 36379660 6.26851e+09
84 67 1 -75466672 -6.44436e+09
85 67 15 -46168383 -4.67548e+09
86 67 16 48784121 -2.37613e+08
87 67 45 -3129335 1.3732e+09
88 67 81 66594324e+09
109 96 28 29564135 -4.65701e+09
110 96 44 -11282274 -4.57973e+09
111 96 80 -20021568 2.33967e+09
112 96 94 55650828 9.0092e+09
113 97 19 -88469821 -7.07326e+09
114 97 44 77212988 -3.87013e+08
115 97 55 53081546 -2.78963e+08
480718 -9.94783e+08
75 39 60 78554614 7.93637e+09
76 39 95 -96644028 9.93789e+09
77 40 16 -4732878 -4.22549e+09
78 40 52 72736668 5.55872e+07
79 40 56 85620774 3.85954e+09
80 40 87 -50300243 6.7441e+09
81 41 1 -92730605 -9.53554e+09
82 41 39 17550908 -7.573487e+09
82 16 11 -52523584 -6.23037e+09
83 16 13 -71671862 -3.92175e+09
84 16 22 88599646 1.85588e+09
85 16 53 93154471 2.96462e+09
86 16 57 -19930817 3.00625e+09
87 16 92 7027143 6.90037e+09
88 17 12 29555716 -9.30393e+09
89 17 21 46429969 -6.68518e+09
9544 2.14369e+09
89 67 98 -85242307 3.25718e+09
90 68 8 -94239738 -7.33778e+09
91 68 10 11313873 -4.0562e+09
92 68 33 -32574292 -2.1212e+09
93 68 70 53800417 -2.11083e+09
94 68 83 17970889 1.87678e+09
95 68 86 -36882551 8.96202e+09
96 69 20 37118630 -8.3288112e+09
83 41 49 60657811 -6.26362e+09
84 41 79 85571303 -3.34966e+09
85 41 95 98869482 8.56234e+07
86 42 5 51374279 -4.45009e+09
87 42 34 91980482 -1.9025e+09
88 42 49 -47976817 4.88555e+09
89 42 85 52169148 6.8874e+09
90 43 23 66879071 -9.3573e+08
91 43 6e+09
97 69 44 -69883517 -7.93942e+09
98 69 45 28432001 -2.15134e+09
99 69 53 3372568 1.90057e+09
100 69 56 -84921251 2.61155e+09
101 69 63 -574555 6.47706e+09
102 69 95 72389718 9.2051e+09
103 70 21 -52196629 -6.51779e+09
104 70 56 14850782 -4.5743e+09
100 17 50 1836273 5.14889e+09
91 17 52 -17380261 7.26381e+09
92 17 87 46340224 8.63892e+09
93 17 89 75382912 9.79629e+09
94 18 28 -42676005 -7.43147e+09
95 18 53 90578302 5.70412e+08
96 18 64 -24527144 4.5245e+09
97 18 81 30115971 9.79717e+09
98 19 17 -9414350 -80772553 -2.94471e+08
92 43 74 78501531 1.34674e+09
93 43 82 51919105 4.72405e+09
94 43 86 -62199268 6.0254e+09
95 43 94 33759989 8.36778e+09
96 44 1 36164069 -5.54246e+09
97 44 18 -99726992 -2.52195e+09
98 44 54 -7298431 -1.00723e+09
99 44 66 -7160069826 -8.47521e+09
99 19 24 89077354 -5.05162e+09
100 19 55 -74670251 -4.63943e+08
101 19 59 -37926159 1.76967e+08
102 19 61 -17560352 3.30879e+08
103 19 65 69573212 3.55778e+08
104 19 70 -60065942 1.75751e+09
105 19 74 -6429820 2.50557e+09
106 19 76 -6641615 70 79 84968242 3.56033e+08
106 70 89 89912275 6.2106e+09
107 71 11 54688704 -2.92867e+09
108 71 35 13641684 7.7907e+08
109 71 60 16871637 3.39156e+09
110 71 84 10520027 4.29061e+09
111 71 85 -33832811 6.66566e+09
112 71 99 -64481578 9.09457e+09
113 72 353 7.91132e+09
100 45 5 9452562 -9.81957e+09
101 45 27 36447171 -6.44794e+09
102 45 63 -8238082 -2.12166e+09
103 45 66 -63955274 1.21062e+09
104 45 80 83010971 7.07282e+09
105 45 98 -88100694 9.50161e+09
106 46 22 23033630 -8.85169e+09
107 46 26 15225811 -5.76189e+09
108 46 34 -47498147 -3.15756e+09
109 46 47 -30784235 -2.17087e+09
110 46 52 -39383416 -3.8115e+08
111 46 71 4538082 5.99697e+09
112 46 87 -30000195 8.86614e+09
113 47 24 -64639579 -7.25801e+09
114 47 38 -23313899 -6.75775e+09
115 47 40 -99945253 81153411 -5.88411e+09
114 72 62 66958875 -6.55765e+07
115 72 87 -82817493 6.67382e+08
116 73 12 57760788 -7.88213e+09
117 73 50 -91986474 -6.01659e+09
118 73 87 -25358389 -3.2012e+09
119 74 19 -95539022 -9.26786e+09
120 74 23 -60480713 -8.66416e+09
121 7481 6.18089e+09
107 19 84 -85133351 8.88718e+09
108 20 18 -6365408 -9.30415e+09
109 20 43 -42121004 -8.17146e+09
110 20 49 -10532259 3.19038e+09
111 20 75 50033408 9.41159e+09
112 21 14 259326 -9.44863e+09
113 21 32 -21712561 -8.42383e+09
114 21 43 -2931829 2.09906e+09
116 47 68 59236453 4.08811e+09
117 47 86 -19169685 5.35052e+09
118 48 23 -30546194 -3.8463e+09
119 48 33 -55140546 -3.39895e+09
120 48 69 -96171538 -2.83646e+09
121 48 73 -12388804 1.46452e+09
122 48 92 50730392 7.23618e+09
123 49 8 -31705795  54 49984369 -5.02806e+09
122 74 69 90608327 7.82552e+09
123 74 88 -7477257 8.12678e+09
124 74 96 -45784589 8.78532e+09
125 74 98 -96830976 9.90445e+09
4 -5.69895e+09
115 21 63 87345379 -5.43485e+09
116 21 75 1145689 -3.61831e+09
117 21 94 -30336523 6.75379e+09
118 22 23 14144598 -2.88671e+09
119 22 50 98999376 9.83385e+08
120 22 79 -45554974 4.26154e+09
121 23 16 -64647747 -7.5713e+09
122 23 48 -8144611 -6.88104e+09
123 23 56 35056576 -5.89875e+09
124 23 78 -1621787 -2.09389e+09
125 23 90 -75748145 6.42776e+09
126 24 9 -74609756 -9.14273e+09
127 24 27 -89758867 -5.43092e+09
128 24 59 -9572224 2.88707e+09
129 24 68 90218373 8.54339e+09
0 17 50788392 -7.415-7.67769e+09
124 49 35 31520915 -6.93501e+09
125 49 39 -3426428 4.68819e+09
126 49 67 -58133101 5.77725e+09
127 49 83 -84284046 9.63833e+09
71e+09
0 19 -29244825 -6.26069e+09
0 51 -71308031 -1.16493e+09
0 74 37274762 7.26305e+08
1 8 -65504719 2.93719e+09
1 46 93327682 5.13881e+09
1 57 6489739 6.66092e+09
1 89 28529558 7.98391e+09
2 18 62117782 -1.50692e+09
2 39 18550041 2.93226e+09
2 55 85176436 4.73012e+09
2 83 -5290376 4.95055e+09
3 2 14191823 -8.26042e+09
3 17 -36989127 -7.27078e+09
3 38 39355960 -4.86638e+09
3 73 76090134 2.54704e+09
3 78 -80596977 6.54834e+09
3 83 13122811 6.55948e+09
4 9 33310808 -9.84692e+09
4 13 -90612976 -3.93742e+09
4 26 -22476937 8.72013e+08
4 35 -13819731 1.28165e+09
4 49 70291673 4.22563e+09
4 58 -95358800 7.64278e+09
4 76 -59343633 9.91967e+09
5 9 65670516 -8.77427e+09
5 20 -50535517 -7.02632e+09
5 42 -67499404 -6.77271e+09
5 72 55898294 -2.53927e+09
5 79 -68801174 -5.04724e+07
5 85 -82230482 9.19336e+09
6 8 -33809799 -5.66901e+09
6 35 80949613 3.18103e+09
6 66 50782639 5.73426e+09
6 81 -23531956 8.44049e+09
7 19 -48783909 -6.21206e+09
7 29 -39740020 -4.82063e+09
7 65 -83544964 2.62247e+09
7 92 79203521 9.61968e+09
8 28 -26257599 -7.90124e+09
8 67 87834134 -7.12881e+09
8 80 70627443 1.67988e+08
8 88 -99266168 3.4466e+09
9 11 95829691 -8.87855e+09
9 42 -67735543 -5.98908e+09
9 47 99123304 -1.58639e+09
9 60 36713017 -1.07403e+09
9 97 -71565985 1.9199e+09
10 17 -62830816 -9.3124e+09
10 31 47519872 -4.59964e+09
10 44 96211474 -3.55356e+09
10 48 33839137 -1.86547e+09
10 66 -7505097 2.44975e+09
10 95 -97531085 6.19079e+09
11 16 -63138757 -5.0834e+09
11 21 66593558 -2.29845e+09
11 54 -1359898 9.15849e+08
11 59 -24384511 3.31704e+09
11 83 -92374218 4.06656e+09
12 8 8460157 -8.69761e+09
12 33 33460676 -7.21062e+09
12 66 67309759 -3.19186e+09
12 82 39480105 7.49412e+09
13 11 2258047 -8.28714e+09
13 33 12046814 -1.26268e+09
13 55 2669192 1.72188e+09
13 87 25416929 2.22632e+09
13 93 -63338449 5.80335e+09
14 5 83961050 -8.17812e+09
14 8 61487776 -5.69479e+09
14 30 72911386 -3.97722e+09
14 42 54757019 -2.4085e+09
14 47 38042380 3.49255e+09
14 74 -98337731 5.31295e+09
15 7 30932480 -9.57464e+09
15 37 28123155 -6.56746e+09
15 42 68968253 -6.31373e+09
15 65 -5444770 -5.14331e+09
15 68 -13491918 -1.8813e+09
15 75 61134956 -1.5096e+09
15 78 52779864 6.5978e+09
15 81 15742693 7.83487e+09
16 11 -52523584 -6.23037e+09
16 13 -71671862 -3.92175e+09
16 22 88599646 1.85588e+09
16 53 93154471 2.96462e+09
16 57 -19930817 3.00625e+09
16 92 7027143 6.90037e+09
17 12 29555716 -9.30393e+09
17 21 46429969 -6.68518e+09
17 50 1836273 5.14889e+09
17 52 -17380261 7.26381e+09
17 87 46340224 8.63892e+09
17 89 75382912 9.79629e+09
18 28 -42676005 -7.43147e+09
18 53 90578302 5.70412e+08
18 64 -24527144 4.5245e+09
18 81 30115971 9.79717e+09
19 17 -94143826 -8.47521e+09
19 24 89077354 -5.05162e+09
19 55 -74670251 -4.63943e+08
19 59 -37926159 1.76967e+08
19 61 -17560352 3.30879e+08
19 65 69573212 3.55778e+08
19 70 -60065942 1.75751e+09
19 74 -6429820 2.50557e+09
19 76 -66416181 6.18089e+09
19 84 -85133351 8.88718e+09
20 18 -6365408 -9.30415e+09
20 43 -42121004 -8.17146e+09
20 49 -10532259 3.19038e+09
20 75 50033408 9.41159e+09
21 14 259326 -9.44863e+09
21 32 -21712561 -8.42383e+09
21 43 -29318294 -5.69895e+09
21 63 87345379 -5.43485e+09
21 75 1145689 -3.61831e+09
21 94 -30336523 6.75379e+09
22 23 14144598 -2.88671e+09
22 50 98999376 9.83385e+08
22 79 -45554974 4.26154e+09
23 16 -64647747 -7.5713e+09
23 48 -8144611 -6.88104e+09
23 56 35056576 -5.89875e+09
23 78 -1621787 -2.09389e+09
23 90 -75748145 6.42776e+09
24 9 -74609756 -9.14273e+09
24 27 -89758867 -5.43092e+09
24 59 -9572224 2.88707e+09
24 68 90218373 8.54339e+09
***************************
25 0 77910983 -5.68405e+09
25 4 -70076982 -4.99167e+09
25 32 -8883220 -2.32672e+09
25 63 -5797953 8.11137e+08
25 87 -83696806 1.94869e+09
25 90 -41196148 8.59844e+09
26 15 -50058160 -7.97218e+09
26 19 -12277643 -3.35556e+09
26 30 19368244 7.50174e+08
26 58 -48338683 1.02e+09
26 73 -62472693 2.59388e+09
26 88 41374521 3.68687e+09
27 23 47726331 -4.28605e+09
27 54 62350579 -3.693e+09
27 57 74381528 1.9902e+09
27 82 82456706 8.84709e+09
28 19 47833541 -2.39841e+09
28 28 35299617 4.78192e+08
28 60 66635310 3.00587e+09
28 81 65232245 5.38265e+09
28 86 58835016 7.47636e+09
28 91 -84202977 9.91174e+09
29 30 -86790080 -8.73716e+09
29 31 22363705 -8.04339e+09
29 47 30611244 -7.39069e+09
29 52 -8972660 -5.04897e+09
29 55 -64819763 -2.55171e+09
29 67 -96077026 5.2058e+09
29 72 36530023 6.72462e+09
30 10 37934800 -7.85555e+09
30 14 -12792996 4.3235e+08
30 40 -50392613 6.42891e+08
30 54 -20872904 2.04848e+09
30 59 -1789411 2.25749e+09
30 89 50674577 7.9738e+09
31 28 26017031 -7.98297e+09
31 61 -58157733 1.85929e+09
31 95 72692953 9.01866e+09
32 19 58620718 -5.24535e+08
32 46 12061084 3.55567e+09
32 73 94206418 3.814e+09
32 77 -24975837 7.06502e+09
32 85 62631374 9.1547e+09
33 11 -65783764 -9.50224e+09
33 45 99490510 -5.49499e+09
33 60 -87475387 -5.19855e+09
33 75 -27662829 4.81045e+09
33 88 -93105378 5.02841e+09
33 94 67349055 5.85393e+09
33 98 65334748 6.52065e+09
34 18 -55639442 -9.19198e+09
34 34 -80464065 -5.17217e+09
34 49 29810038 -3.09552e+09
34 67 -78421983 4.97453e+09
34 82 -79271251 9.47142e+09
35 18 95493499 -7.12769e+09
35 34 -47864773 -6.4108e+08
35 52 -55511423 2.16953e+09
35 72 6827231 3.2952e+09
35 92 37196786 5.09573e+09
36 31 -37197429 2.24599e+09
36 59 15410848 2.68848e+09
36 94 51731305 4.92068e+09
36 98 15253116 4.92712e+09
37 17 -28556489 -6.33442e+09
37 26 73035638 -1.65186e+09
37 50 -5358552 -1.17649e+09
37 88 47001740 1.55048e+09
38 15 71265983 -8.89555e+08
38 43 -28562001 5.50357e+08
38 54 -69119055 6.05436e+08
38 81 83282164 6.30611e+09
39 7 -7891148 -9.96457e+09
39 36 31816107 -8.51899e+09
39 49 97480718 -9.94783e+08
39 60 78554614 7.93637e+09
39 95 -96644028 9.93789e+09
40 16 -4732878 -4.22549e+09
40 52 72736668 5.55872e+07
40 56 85620774 3.85954e+09
40 87 -50300243 6.7441e+09
41 1 -92730605 -9.53554e+09
41 39 17550908 -7.57112e+09
41 49 60657811 -6.26362e+09
41 79 85571303 -3.34966e+09
41 95 98869482 8.56234e+07
42 5 51374279 -4.45009e+09
42 34 91980482 -1.9025e+09
42 49 -47976817 4.88555e+09
42 85 52169148 6.8874e+09
43 23 66879071 -9.3573e+08
43 50 -80772553 -2.94471e+08
43 74 78501531 1.34674e+09
43 82 51919105 4.72405e+09
43 86 -62199268 6.0254e+09
43 94 33759989 8.36778e+09
44 1 36164069 -5.54246e+09
44 18 -99726992 -2.52195e+09
44 54 -7298431 -1.00723e+09
44 66 -71600693 7.91132e+09
45 5 9452562 -9.81957e+09
45 27 36447171 -6.44794e+09
45 63 -8238082 -2.12166e+09
45 66 -63955274 1.21062e+09
45 80 83010971 7.07282e+09
45 98 -88100694 9.50161e+09
46 22 23033630 -8.85169e+09
46 26 15225811 -5.76189e+09
46 34 -47498147 -3.15756e+09
46 47 -30784235 -2.17087e+09
46 52 -39383416 -3.8115e+08
46 71 4538082 5.99697e+09
46 87 -30000195 8.86614e+09
47 24 -64639579 -7.25801e+09
47 38 -23313899 -6.75775e+09
47 40 -99945253 2.09906e+09
47 68 59236453 4.08811e+09
47 86 -19169685 5.35052e+09
48 23 -30546194 -3.8463e+09
48 33 -55140546 -3.39895e+09
48 69 -96171538 -2.83646e+09
48 73 -12388804 1.46452e+09
48 92 50730392 7.23618e+09
49 8 -31705795 -7.67769e+09
49 35 31520915 -6.93501e+09
49 39 -3426428 4.68819e+09
49 67 -58133101 5.77725e+09
49 83 -84284046 9.63833e+09
***************************
50 18 28041891 -9.4995e+09
50 44 83973095 -8.25069e+09
50 54 -68018659 -7.92844e+08
50 74 1002501 4.06199e+09
50 94 42957730 9.9228e+09
51 21 36478398 -8.92734e+09
51 24 -94838106 -7.49576e+09
51 57 16112111 2.37145e+09
51 79 -3899248 4.17046e+09
52 1 41839549 -9.50561e+09
52 33 69890869 -5.30001e+09
52 58 -82137324 3.6415e+08
52 74 68509506 7.16747e+09
52 95 23532402 7.90999e+09
53 5 -84672908 -1.60201e+09
53 23 87341682 3.1253e+09
53 50 47643651 3.5305e+09
53 63 45019675 4.97096e+09
53 95 16343346 5.93313e+09
54 12 3244037 -9.00238e+09
54 29 -53037798 -8.58429e+09
54 40 -54812964 -7.65511e+09
54 56 -89607057 -6.99149e+09
54 60 70605389 -6.48099e+09
54 75 84617958 -2.55563e+09
54 90 46773091 2.07379e+09
55 17 59234211 -9.69492e+09
55 46 76589363 -7.6709e+09
55 67 5683669 4.08121e+09
55 86 -23368697 5.13243e+09
56 10 86243765 4.88956e+08
56 44 -63747351 1.18067e+09
56 53 -55148393 4.30078e+09
56 87 -8338809 4.92159e+09
56 89 49992740 7.76296e+09
57 5 -14819867 -9.2654e+09
57 7 28584979 -3.01731e+09
57 40 53990068 8.10205e+08
57 76 37762947 9.97151e+09
58 1 28324885 -9.04014e+09
58 13 -28789474 -7.22723e+09
58 37 62008237 -5.91735e+09
58 45 51606388 -3.65394e+09
58 62 -73728028 -2.02902e+09
58 77 -95767523 3.46209e+09
58 92 92013154 7.25073e+09
58 96 -19079161 9.19209e+09
59 35 -82645408 -7.68141e+09
59 48 -29737000 6.48796e+09
59 60 -26753522 9.21464e+09
59 62 69728721 9.54637e+09
59 84 30322658 9.87745e+09
60 3 75004665 -9.527e+09
60 23 -99070605 -7.48843e+09
60 25 -53221278 -3.37322e+09
60 58 -19581650 4.82148e+09
60 89 -93091792 8.55242e+09
61 26 -1578871 -7.9575e+09
61 30 35283050 -7.67057e+09
61 60 -46071390 -4.03076e+09
61 97 -38934278 7.58392e+09
62 11 23898614 -8.55415e+09
62 43 35139147 -7.9155e+09
62 69 32187748 -4.78054e+09
62 81 -97985788 -4.51771e+09
63 0 -82820369 -7.3068e+09
63 2 76936580 -5.22883e+09
63 24 -42518270 -3.24121e+09
63 61 -35295322 -2.37003e+09
63 88 -96156961 -9.64414e+08
64 18 -42774804 -5.24176e+09
64 42 36015968 -2.07108e+09
64 72 -52120325 4.17335e+09
64 77 52839835 5.52538e+09
64 97 32836284 8.19366e+09
65 34 -39359003 -4.98277e+09
65 37 4415038 4.55511e+08
65 46 -30967000 2.93024e+09
65 62 -26284052 8.31511e+09
65 86 -44479533 9.8375e+09
66 13 -22978737 -7.08018e+09
66 36 18177124 -6.2031e+09
66 55 -94264141 7.01484e+08
66 83 36379660 6.26851e+09
67 1 -75466672 -6.44436e+09
67 15 -46168383 -4.67548e+09
67 16 48784121 -2.37613e+08
67 45 -3129335 1.3732e+09
67 81 66594544 2.14369e+09
67 98 -85242307 3.25718e+09
68 8 -94239738 -7.33778e+09
68 10 11313873 -4.0562e+09
68 33 -32574292 -2.1212e+09
68 70 53800417 -2.11083e+09
68 83 17970889 1.87678e+09
68 86 -36882551 8.96202e+09
69 20 37118630 -8.32886e+09
69 44 -69883517 -7.93942e+09
69 45 28432001 -2.15134e+09
69 53 3372568 1.90057e+09
69 56 -84921251 2.61155e+09
69 63 -574555 6.47706e+09
69 95 72389718 9.2051e+09
70 21 -52196629 -6.51779e+09
70 56 14850782 -4.5743e+09
70 79 84968242 3.56033e+08
70 89 89912275 6.2106e+09
71 11 54688704 -2.92867e+09
71 35 13641684 7.7907e+08
71 60 16871637 3.39156e+09
71 84 10520027 4.29061e+09
71 85 -33832811 6.66566e+09
71 99 -64481578 9.09457e+09
72 35 81153411 -5.88411e+09
72 62 66958875 -6.55765e+07
72 87 -82817493 6.67382e+08
73 12 57760788 -7.88213e+09
73 50 -91986474 -6.01659e+09
73 87 -25358389 -3.2012e+09
74 19 -95539022 -9.26786e+09
74 23 -60480713 -8.66416e+09
74 54 49984369 -5.02806e+09
74 69 90608327 7.82552e+09
74 88 -7477257 8.12678e+09
74 96 -45784589 8.78532e+09
74 98 -96830976 9.90445e+09
***************************
75 25 26614647 -9.93531e+09
75 39 4756080 -7.40375e+09
75 47 86230630 -5.93287e+09
75 67 85636366 4.85972e+09
76 6 -28552719 -8.69758e+09
76 13 76618245 -4.68031e+09
76 39 -86282675 -4.16327e+09
76 49 21876267 8.20506e+09
76 87 54077664 9.31699e+09
77 11 81479101 -8.39319e+09
77 38 86751393 -3.60562e+09
77 56 -28949527 -1.593e+09
77 62 74305318 1.59781e+09
77 86 14974047 5.93183e+09
78 17 79854743 -9.66117e+09
78 55 -81552370 -3.98514e+09
78 64 15020700 -2.38823e+09
78 69 41588733 -2.22142e+09
78 78 38087157 -1.71471e+09
78 84 -78643604 8.50294e+09
79 9 35746539 -7.58797e+09
79 25 29571518 -7.22536e+09
79 58 -32752326 -4.78246e+09
79 80 -43336756 2.54879e+08
79 85 41125087 6.38986e+09
79 95 60102958 7.84342e+09
80 13 72949983 7.8256e+08
80 40 81661794 1.15445e+09
80 61 -71395490 3.70713e+09
80 81 29302470 3.94793e+09
80 91 -25931016 4.69673e+09
81 24 -38321381 -8.76622e+09
81 44 13135639 -8.59719e+09
81 72 85638328 -4.29697e+09
81 93 76552063 8.99715e+09
82 10 -23685845 -6.26775e+09
82 11 72758182 -6.02798e+09
82 17 56426670 -5.50626e+09
82 50 -22033163 -4.07705e+09
82 60 -54205930 -3.20933e+09
82 87 -60702136 5.36233e+09
82 92 -39603292 7.19494e+09
83 8 -57700641 -2.49624e+09
83 36 -86462223 5.18857e+09
83 67 -93868641 6.45359e+09
84 3 -98476812 -6.7994e+09
84 9 57032991 -5.93654e+09
84 19 -65615704 -5.22954e+09
84 44 74026719 1.69162e+08
84 53 -77919507 6.4561e+09
84 87 -38894026 8.74543e+09
85 18 -25446061 2.88508e+09
85 45 10735972 4.7574e+09
85 73 22561429 5.31535e+09
85 82 13234822 7.06371e+09
86 14 55132158 -8.50847e+09
86 34 72886023 -7.83452e+09
86 50 -65771570 -7.13334e+09
86 59 -70252209 -6.72756e+09
86 66 43560844 -4.86003e+09
86 78 33987017 -1.37611e+09
86 84 -51866641 3.80755e+09
87 11 -87054763 -6.32824e+09
87 15 -25337053 -5.90273e+09
87 28 2018680 -2.81672e+09
87 41 51086644 -3.64587e+08
87 63 -8746186 4.79261e+09
87 85 -41214644 4.96056e+09
88 4 -52820184 -7.8366e+09
88 25 24365746 3.10595e+09
88 42 -85230474 4.85494e+09
88 79 26619457 5.49885e+09
88 86 -60171177 5.58994e+09
89 1 22374818 -9.24437e+09
89 37 -17381406 -6.4637e+09
89 62 -27167822 -6.08267e+09
89 74 94080706 3.22205e+09
89 97 -41463831 4.49662e+09
90 11 23734647 -4.04973e+09
90 17 39545586 -1.2059e+09
90 43 -41618125 -1.12967e+09
90 49 -33131165 3.16364e+09
90 71 64815439 7.49323e+09
90 72 -82172985 9.48696e+09
91 3 25942535 -6.42012e+09
91 32 66109392 -4.176e+09
91 49 74386348 1.15844e+09
91 58 -73435184 3.21395e+09
91 95 57899188 5.14534e+09
92 16 -70870284 -9.64901e+09
92 36 -29592691 -4.06565e+09
92 42 -63989657 3.06198e+08
92 71 21723384 4.52862e+09
92 83 -30257174 5.10198e+09
92 99 -65288222 8.73292e+09
93 27 19782133 -8.9492e+09
93 56 5060142 -8.73807e+09
93 85 -82267863 -2.90986e+09
94 8 -27005509 -7.77352e+09
94 20 36544838 -6.36536e+09
94 28 -96004340 -3.03714e+09
94 36 56469775 -8.56265e+08
94 62 -62415848 4.3217e+09
94 94 -92636386 9.60675e+09
95 26 79722509 -5.36594e+09
95 44 -81838464 -2.26052e+09
95 48 41994766 3.03851e+09
95 78 -33949045 6.25152e+09
96 7 49088090 -7.76324e+09
96 28 29564135 -4.65701e+09
96 44 -11282274 -4.57973e+09
96 80 -20021568 2.33967e+09
96 94 55650828 9.0092e+09
97 19 -88469821 -7.07326e+09
97 44 77212988 -3.87013e+08
97 55 53081546 -2.78963e+08
***************************
