0 17 -95539022 -9267863552.000000
0 19 -94143826 -8475205632.000000
0 51 -71308031 -1164934912.000000
0 74 -98337731 5312952832.000000
1 8 -97985788 -4517713920.000000
1 46 -19930817 3006253824.000000
1 57 -95767523 3462086912.000000
1 89 -93091792 8552416768.000000
2 18 -86282675 -4163265280.000000
2 39 -99726992 -2521946624.000000
2 55 -94264141 701484288.000000
2 83 -92374218 4066561536.000000
3 2 -62830816 -9312399360.000000
3 17 -94838106 -7495757824.000000
3 38 -64639579 -7258008576.000000
3 73 -84921251 2611545088.000000
3 78 -93105378 5028410880.000000
3 83 -84284046 9638330368.000000
4 9 -74609756 -9142732800.000000
4 13 -82645408 -7681408000.000000
4 26 -90612976 -3937418240.000000
4 35 -82137324 364150432.000000
4 49 -47976817 4885553664.000000
4 58 -86462223 5188571136.000000
4 76 -95358800 7642783744.000000
5 9 5060142 -8738067456.000000
5 20 -50535517 -7026321408.000000
5 42 -87475387 -5198545408.000000
5 72 -85230474 4854938112.000000
5 79 -93868641 6453587968.000000
5 85 -82230482 9193361408.000000
6 8 -94239738 -7337782272.000000
6 35 -13819731 1281646976.000000
6 66 -97531085 6190790144.000000
6 81 -80596977 6548344832.000000
7 19 -88469821 -7073262080.000000
7 29 -65615704 -5229538816.000000
7 65 -83544964 2622467328.000000
7 92 -45784589 8785317888.000000
8 28 -96004340 -3037143040.000000
8 67 -85242307 3257177600.000000
8 80 -99266168 3446595840.000000
8 88 -96077026 5205802496.000000
9 11 -87054763 -6328239104.000000
9 42 -84672908 -1602014592.000000
9 47 -82267863 -2909858560.000000
9 60 -96156961 -964414336.000000
9 97 -71565985 1919897600.000000
10 17 -69883517 -7939419136.000000
10 31 -36989127 -7270784000.000000
10 44 -89607057 -6991486976.000000
10 48 -81838464 -2260522496.000000
10 66 -65504719 2937192960.000000
10 95 -96644028 9937888256.000000
11 16 -70870284 -9649009664.000000
11 21 -91986474 -6016587776.000000
11 54 -69119055 605435904.000000
11 59 -99945253 2099055104.000000
11 83 -58133101 5777247232.000000
12 8 -55140546 -3398951680.000000
12 33 -96171538 -2836457472.000000
12 66 -20021568 2339666176.000000
12 82 -79271251 9471418368.000000
13 11 -65783764 -9502238720.000000
13 33 -81552370 -3985143040.000000
13 55 -74670251 -463943136.000000
13 87 -83696806 1948687104.000000
13 93 -63338449 5803350528.000000
14 5 -86790080 -8737160192.000000
14 8 -31705795 -7677686784.000000
14 30 -67499404 -6772712960.000000
14 42 -67735543 -5989083648.000000
14 47 -73728028 -2029017472.000000
14 74 -73435184 3213945600.000000
15 7 -29592691 -4065649152.000000
15 37 -17381406 -6463700992.000000
15 42 -54205930 -3209332224.000000
15 65 -63989657 306198400.000000
15 68 -60065942 1757512320.000000
15 75 -33131165 3163641600.000000
15 78 -62199268 6025397248.000000
15 81 -71600693 7911315968.000000
16 11 2258047 -8287139328.000000
16 13 -52523584 -6230373376.000000
16 22 -71671862 -3921752320.000000
16 53 -77919507 6456099328.000000
16 57 6489739 6660917760.000000
16 92 -39603292 7194935296.000000
17 12 3244037 -9002382336.000000
17 21 -70252209 -6727560192.000000
17 50 -80772553 -294470720.000000
17 52 -82817493 667381568.000000
17 87 -60702136 5362327552.000000
17 89 -30000195 8866138112.000000
18 28 -48783909 -6212059648.000000
18 53 -55148393 4300781568.000000
18 64 -24527144 4524504576.000000
18 81 -60171177 5589935104.000000
19 17 -54812964 -7655108096.000000
19 24 -28556489 -6334421504.000000
19 55 -68801174 -50472420.000000
19 59 -37926159 176967056.000000
19 61 -58157733 1859285120.000000
19 65 -6429820 2505573120.000000
19 70 -24384511 3317043968.000000
19 74 -71395490 3707134208.000000
19 76 -78643604 8502937088.000000
19 84 -85133351 8887181312.000000
20 18 -75466672 -6444356608.000000
20 43 -46168383 -4675482112.000000
20 49 -47498147 -3157563648.000000
20 75 -27662829 4810449920.000000
21 14 -42121004 -8171460608.000000
21 32 -23685845 -6267745792.000000
21 43 -8238082 -2121663232.000000
21 63 -41618125 -1129674112.000000
21 75 -12388804 1464516736.000000
21 94 -92636386 9606750208.000000
22 23 -99070605 -7488430592.000000
22 50 -48338683 1019996800.000000
22 79 -45554974 4261541120.000000
23 16 -64647747 -7571299840.000000
23 48 -39740020 -4820625408.000000
23 56 -37197429 2245987584.000000
23 78 -25931016 4696733184.000000
23 90 -75748145 6427761664.000000
24 9 26614647 -9935309824.000000
24 27 -89758867 -5430924800.000000
24 59 -13491918 -1881296000.000000
24 68 59236453 4088109568.000000
25 0 -82820369 -7306804736.000000
25 4 -70076982 -4991669248.000000
25 32 -8883220 -2326719744.000000
25 63 -5797953 811137088.000000
25 87 -55511423 2169534208.000000
25 90 -41196148 8598440960.000000
26 15 -53037798 -8584286720.000000
26 19 -50058160 -7972177408.000000
26 30 -33809799 -5669012992.000000
26 58 -62472693 2593876480.000000
26 73 -30967000 2930239744.000000
26 88 -66416181 6180887040.000000
27 23 -98476812 -6799396864.000000
27 54 -68018659 -792843776.000000
27 57 16112111 2371447808.000000
27 82 -8338809 4921593344.000000
28 19 -42676005 -7431469056.000000
28 28 -29244825 -6260689920.000000
28 60 -51866641 3807546880.000000
28 81 -33949045 6251518976.000000
28 86 -44479533 9837496320.000000
28 91 -84202977 9911740416.000000
29 30 22363705 -8043388416.000000
29 31 35283050 -7670572032.000000
29 47 -64819763 -2551707648.000000
29 52 -39383416 -381149664.000000
29 55 -47864773 -641080256.000000
29 67 -10532259 3190377216.000000
29 72 -52120325 4173347584.000000
30 10 -21712561 -8423831552.000000
30 14 -27005509 -7773524992.000000
30 40 -52196629 -6517790720.000000
30 54 -63955274 1210618624.000000
30 59 -9572224 2887067392.000000
30 89 -26284052 8315105792.000000
31 28 2018680 -2816723200.000000
31 61 -35295322 -2370033408.000000
31 95 -29737000 6487955456.000000
32 19 -26257599 -7901238784.000000
32 46 19368244 750173504.000000
32 73 12061084 3555670784.000000
32 77 -24975837 7065018368.000000
32 85 -82172985 9486956544.000000
33 11 23033630 -8851686400.000000
33 45 -46071390 -4030761984.000000
33 60 -50392613 642890752.000000
33 75 -8746186 4792614912.000000
33 88 -30336523 6753793536.000000
33 94 -7477257 8126778880.000000
33 98 -96830976 9904454656.000000
34 18 -55639442 -9191980032.000000
34 34 -80464065 -5172165632.000000
34 49 -43336756 254879472.000000
34 67 -5290376 4950554624.000000
34 82 13234822 7063709696.000000
35 18 -42774804 -5241758208.000000
35 34 -39359003 -4982769664.000000
35 52 -32574292 -2121200256.000000
35 72 21723384 4528619520.000000
35 92 -17380261 7263809024.000000
36 31 47519872 -4599643136.000000
36 59 -1789411 2257492992.000000
36 94 33759989 8367784448.000000
36 98 -88100694 9501611008.000000
37 17 -1578871 -7957502464.000000
37 26 -65771570 -7133340672.000000
37 50 -30546194 -3846302976.000000
37 88 38042380 3492548864.000000
38 15 -29318294 -5698945024.000000
38 43 -7298431 -1007226176.000000
38 54 -63747351 1180671232.000000
38 81 15253116 4927117312.000000
39 7 -7891148 -9964565504.000000
39 36 15020700 -2388226816.000000
39 49 -41214644 4960560128.000000
39 60 -30784235 -2170874368.000000
39 95 -26753522 9214643200.000000
40 16 -63138757 -5083395072.000000
40 52 -28949527 -1592995072.000000
40 56 -25358389 -3201198080.000000
40 87 -50300243 6744101888.000000
41 1 -92730605 -9535541248.000000
41 39 1145689 -3618308864.000000
41 49 -25446061 2885082880.000000
41 79 -3426428 4688186368.000000
41 95 -19581650 4821475328.000000
42 5 -14819867 -9265404928.000000
42 34 13641684 779069760.000000
42 49 -22476937 872013056.000000
42 85 -33832811 6665658880.000000
43 23 -60480713 -8664160256.000000
43 50 -22033163 -4077047808.000000
43 74 1002501 4061992448.000000
43 82 39480105 7494115840.000000
43 86 -36882551 8962023424.000000
43 94 42957730 9922799616.000000
44 1 -25337053 -5902728704.000000
44 18 -8972660 -5048965120.000000
44 54 -20872904 2048483072.000000
44 66 -7505097 2449752832.000000
45 5 9452562 -9819566080.000000
45 27 19782133 -8949195776.000000
45 63 -1359898 915849152.000000
45 66 -3129335 1373203840.000000
45 80 -78421983 4974528000.000000
45 98 -19079161 9192091648.000000
46 22 60657811 -6263622144.000000
46 26 15225811 -5761894400.000000
46 34 50788392 -7415712256.000000
46 47 29810038 -3095517184.000000
46 52 24365746 3105954560.000000
46 71 4538082 5996966400.000000
46 87 -38894026 8745425920.000000
47 24 -27167822 -6082671104.000000
47 38 -42518270 -3241214208.000000
47 40 -17560352 330878592.000000
47 68 90218373 8543392768.000000
47 86 -23531956 8440486400.000000
48 23 -53221278 -3373217792.000000
48 33 -57700641 -2496236288.000000
48 69 -28562001 550357312.000000
48 73 76090134 2547037440.000000
48 92 7027143 6900369920.000000
49 8 8460157 -8697610240.000000
49 35 4756080 -7403753472.000000
49 39 18177124 -6203099648.000000
49 67 2669192 1721879424.000000
49 83 -30257174 5101984256.000000
50 18 28041891 -9499502592.000000
50 44 41588733 -2221415680.000000
50 54 -12792996 432349792.000000
50 74 32836284 8193664000.000000
50 94 55650828 9009199104.000000
51 21 36478398 -8927342592.000000
51 24 -23313899 -6757747712.000000
51 57 74381528 1990196480.000000
51 79 26619457 5498848256.000000
52 1 -6365408 -9304145920.000000
52 33 11313873 -4056200960.000000
52 58 14144598 -2886709504.000000
52 74 51731305 4920677376.000000
52 95 -574555 6477061632.000000
53 5 30932480 -9574635520.000000
53 23 -32752326 -4782455808.000000
53 50 -5358552 -1176493952.000000
53 63 35299617 478191712.000000
53 95 23532402 7909989376.000000
54 12 29555716 -9303926784.000000
54 29 -8144611 -6881041920.000000
54 40 39355960 -4866383360.000000
54 56 33839137 -1865471872.000000
54 60 6827231 3295195392.000000
54 75 16871637 3391564800.000000
54 90 50033408 9411586048.000000
55 17 14191823 -8260418048.000000
55 46 56426670 -5506258944.000000
55 67 5683669 4081212928.000000
55 86 -19169685 5350516736.000000
56 10 259326 -9448633344.000000
56 44 43560844 -4860033536.000000
56 53 3372568 1900567424.000000
56 87 1836273 5148894208.000000
56 89 28529558 7983905280.000000
57 5 83961050 -8178117120.000000
57 7 51374279 -4450092032.000000
57 40 53990068 810205184.000000
57 76 37762947 9971508224.000000
58 1 22374818 -9244371968.000000
58 13 -28789474 -7227232768.000000
58 37 -5444770 -5143312384.000000
58 45 -11282274 -4579731968.000000
58 62 -62415848 4321704448.000000
58 77 22561429 5315351552.000000
58 92 54077664 9316986880.000000
58 96 46340224 8638917632.000000
59 35 31520915 -6935007232.000000
59 48 -1621787 -2093890304.000000
59 60 21876267 8205060608.000000
59 62 -23368697 5132428800.000000
59 84 -59343633 9919666176.000000
60 3 17550908 -7571119616.000000
60 23 14850782 -4574296064.000000
60 25 -12277643 -3355558912.000000
60 58 37274762 726305344.000000
60 89 75382912 9796291584.000000
61 26 79722509 -5365944832.000000
61 30 73035638 -1651861120.000000
61 60 36713017 -1074031616.000000
61 97 -41463831 4496622592.000000
62 11 23898614 -8554147840.000000
62 43 23734647 -4049734656.000000
62 69 12046814 -1262684032.000000
62 81 29302470 3947932416.000000
63 0 -38321381 -8766215168.000000
63 2 13135639 -8597192704.000000
63 24 36544838 -6365363200.000000
63 61 69573212 355777984.000000
63 88 41374521 3686870528.000000
64 18 36015968 -2071079808.000000
64 42 48784121 -237612672.000000
64 72 36379660 6268514304.000000
64 77 36530023 6724624384.000000
64 97 -38934278 7583916032.000000
65 34 72886023 -7834519552.000000
65 37 28123155 -6567456256.000000
65 46 67309759 -3191861504.000000
65 62 10735972 4757401088.000000
65 86 14974047 5931830784.000000
66 13 -22978737 -7080176128.000000
66 36 28584979 -3017307904.000000
66 55 -3899248 4170455040.000000
66 83 13122811 6559476736.000000
67 1 28324885 -9040140288.000000
67 15 26017031 -7982968320.000000
67 16 -4732878 -4225485056.000000
67 45 4415038 455510720.000000
67 81 65232245 5382645760.000000
67 98 30115971 9797171200.000000
68 8 37118630 -8328858112.000000
68 10 30611244 -7390685696.000000
68 33 33460676 -7210616832.000000
68 70 53800417 -2110832768.000000
68 83 17970889 1876780928.000000
68 86 15742693 7834867712.000000
69 20 25942535 -6420124160.000000
69 44 51606388 -3653940480.000000
69 45 54688704 -2928667136.000000
69 53 28432001 -2151344640.000000
69 56 51086644 -364586976.000000
69 63 45019675 4970955264.000000
69 95 60102958 7843416064.000000
70 21 46429969 -6685184000.000000
70 56 54757019 -2408503296.000000
70 79 66593558 -2298446080.000000
70 89 89912275 6210597376.000000
71 11 35056576 -5898752512.000000
71 35 32187748 -4780536320.000000
71 60 47643651 3530502656.000000
71 84 30322658 9877445632.000000
71 85 16343346 5933131264.000000
71 99 -65288222 8732915712.000000
72 35 81153411 -5884107264.000000
72 62 61134956 -1509598848.000000
72 87 49992740 7762955776.000000
73 12 57760788 -7882134528.000000
73 50 39545586 -1205904640.000000
73 87 50674577 7973804544.000000
74 19 49984369 -5028063232.000000
74 23 47726331 -4286047232.000000
74 54 47833541 -2398412032.000000
74 69 47001740 1550477312.000000
74 88 46773091 2073789440.000000
74 96 50782639 5734256128.000000
74 98 79203521 9619679232.000000
75 25 29571518 -7225358848.000000
75 39 72736668 55587196.000000
75 47 88599646 1855883136.000000
75 67 25416929 2226317568.000000
76 6 -28552719 -8697577472.000000
76 13 76618245 -4680309760.000000
76 39 72949983 782560064.000000
76 49 18550041 2932255744.000000
76 87 50730392 7236179968.000000
77 11 70605389 -6480985088.000000
77 38 86751393 -3605624576.000000
77 56 66958875 -65576480.000000
77 62 74305318 1597809536.000000
77 86 58835016 7476358656.000000
78 17 35139147 -7915504128.000000
78 55 33987017 -1376107392.000000
78 64 53081546 -278963136.000000
78 69 87341682 3125302016.000000
78 78 10520027 4290606080.000000
78 84 70291673 4225633024.000000
79 9 33310808 -9846920192.000000
79 25 57032991 -5936543744.000000
79 58 78501531 1346738944.000000
79 80 67349055 5853931008.000000
79 85 41125087 6389860352.000000
79 95 72389718 9205098496.000000
80 13 84617958 -2555626240.000000
80 40 99123304 -1586390400.000000
80 61 81661794 1154453760.000000
80 81 66594544 2143689728.000000
80 91 83282164 6306106368.000000
81 24 77910983 -5684045824.000000
81 44 58620718 -524535392.000000
81 72 37196786 5095725568.000000
81 93 76552063 8997154816.000000
82 10 81479101 -8393186304.000000
82 11 72758182 -6027980800.000000
82 17 69890869 -5300013056.000000
82 50 80949613 3181033984.000000
82 60 66635310 3005870336.000000
82 87 78554614 7936370688.000000
82 92 65334748 6520653824.000000
83 8 37934800 -7855547904.000000
83 36 56469775 -856264704.000000
83 67 85636366 4859720704.000000
84 3 65670516 -8774274048.000000
84 9 35746539 -7587972096.000000
84 19 62350579 -3692999936.000000
84 44 74026719 169162208.000000
84 53 93154471 2964624384.000000
84 87 92013154 7250729472.000000
85 18 95493499 -7127686144.000000
85 45 99490510 -5494987776.000000
85 73 94206418 3813997568.000000
85 82 82456706 8847091712.000000
86 14 55132158 -8508466176.000000
86 34 72911386 -3977221632.000000
86 50 91980482 -1902502656.000000
86 59 38087157 -1714714624.000000
86 66 98999376 983385472.000000
86 78 15410848 2688483840.000000
86 84 90608327 7825516032.000000
87 11 79854743 -9661172736.000000
87 15 36164069 -5542455808.000000
87 28 29564135 -4657012224.000000
87 41 71265983 -889554816.000000
87 63 57899188 5145340416.000000
87 85 52169148 6887397888.000000
88 4 -52820184 -7836600320.000000
88 25 62117782 -1506916096.000000
88 42 66879071 -935729856.000000
88 79 84968242 356032512.000000
88 86 93327682 5138814464.000000
89 1 41839549 -9505610752.000000
89 37 62008237 -5917346816.000000
89 62 85620774 3859538944.000000
89 74 51919105 4724051456.000000
89 97 69728721 9546368000.000000
90 11 95829691 -8878548992.000000
90 17 76589363 -7670902272.000000
90 43 85638328 -4296972800.000000
90 49 55898294 -2539268864.000000
90 71 74386348 1158436224.000000
90 72 52839835 5525377536.000000
91 3 75004665 -9526995968.000000
91 32 66109392 -4175998720.000000
91 49 97480718 -994782720.000000
91 58 98869482 85623416.000000
91 95 72692953 9018664960.000000
92 16 31816107 -8518988288.000000
92 36 61487776 -5694786048.000000
92 42 85571303 -3349662720.000000
92 71 86243765 488955744.000000
92 83 64815439 7493225472.000000
92 99 -64481578 9094568960.000000
93 27 36447171 -6447939072.000000
93 56 90578302 570411648.000000
93 85 62631374 9154702336.000000
94 8 59234211 -9694922752.000000
94 20 49088090 -7763239424.000000
94 28 68968253 -6313731072.000000
94 36 87345379 -5434853376.000000
94 62 94080706 3222054912.000000
94 94 68509506 7167470080.000000
95 26 86230630 -5932865024.000000
95 44 76936580 -5228831232.000000
95 48 41994766 3038513664.000000
95 78 52779864 6597797888.000000
96 7 83973095 -8250691584.000000
96 28 87834134 -7128812544.000000
96 44 77212988 -387012672.000000
96 80 70627443 167988288.000000
96 94 83010971 7072823808.000000
97 19 89077354 -5051622912.000000
97 44 96211474 -3553562624.000000
97 55 85176436 4730118144.000000
